# phase_index 0, pol_channel I
655.842177 7.50000000e-01
655.844366 7.50000000e-01
655.846555 7.50000000e-01
655.848744 7.50000000e-01
655.850934 7.50000000e-01
655.853123 7.50000000e-01
655.855312 7.50000000e-01
655.857501 7.50000000e-01
655.859690 7.50000000e-01
655.861879 7.50000000e-01
655.864068 7.50000000e-01
655.866257 7.50000000e-01
655.868446 7.50000000e-01
655.870636 7.50000000e-01
655.872825 7.50000000e-01
655.875014 7.50000000e-01
655.877203 7.50000000e-01
655.879392 7.50000000e-01
655.881581 7.50000000e-01
655.883770 7.50000000e-01
655.885959 7.50000000e-01
655.888149 7.50000000e-01
655.890338 7.50000000e-01
655.892527 7.50000000e-01
655.894716 7.50000000e-01
655.896905 7.50000000e-01
655.899094 7.50000000e-01
655.901283 7.50000000e-01
655.903472 7.50000000e-01
655.905661 7.50000000e-01
655.907851 7.50000000e-01
655.910040 7.50000000e-01
655.912229 7.50000000e-01
655.914418 7.50000000e-01
655.916607 7.50000000e-01
655.918796 7.50000000e-01
655.920985 7.50000000e-01
655.923174 7.50000000e-01
655.925363 7.50000000e-01
655.927553 7.50000000e-01
655.929742 7.50000000e-01
655.931931 7.50000000e-01
655.934120 7.50000000e-01
655.936309 7.50000000e-01
655.938498 7.50000000e-01
655.940687 7.50000000e-01
655.942876 7.50000000e-01
655.945065 7.50000000e-01
655.947255 7.50000000e-01
655.949444 7.50000000e-01
655.951633 7.50000000e-01
655.953822 7.50000000e-01
655.956011 7.50000000e-01
655.958200 7.50000000e-01
655.960389 7.50000000e-01
655.962578 7.50000000e-01
655.964768 7.50000000e-01
655.966957 7.50000000e-01
655.969146 7.50000000e-01
655.971335 7.50000000e-01
655.973524 7.50000000e-01
655.975713 7.50000000e-01
655.977902 7.50000000e-01
655.980091 7.50000000e-01
655.982280 7.50000000e-01
655.984470 7.50000000e-01
655.986659 7.50000000e-01
655.988848 7.50000000e-01
655.991037 7.50000000e-01
655.993226 7.50000000e-01
655.995415 7.50000000e-01
655.997604 7.50000000e-01
655.999793 7.50000000e-01
656.001982 7.50000000e-01
656.004172 7.50000000e-01
656.006361 7.50000000e-01
656.008550 7.50000000e-01
656.010739 7.50000000e-01
656.012928 7.50000000e-01
656.015117 7.50000000e-01
656.017306 7.50000000e-01
656.019495 7.50000000e-01
656.021684 7.50000000e-01
656.023874 7.50000000e-01
656.026063 7.50000000e-01
656.028252 7.50000000e-01
656.030441 7.50000000e-01
656.032630 7.50000000e-01
656.034819 7.50000000e-01
656.037008 7.50000000e-01
656.039197 7.50000000e-01
656.041387 7.50000000e-01
656.043576 7.50000000e-01
656.045765 7.50000000e-01
656.047954 7.50000000e-01
656.050143 7.50000000e-01
656.052332 7.50000000e-01
656.054521 7.50000000e-01
656.056710 7.50000000e-01
656.058899 7.50000000e-01
656.061089 7.50000000e-01
656.063278 7.50000000e-01
656.065467 7.50000000e-01
656.067656 7.50000000e-01
656.069845 7.50000000e-01
656.072034 7.50000000e-01
656.074223 7.50000000e-01
656.076412 7.50000000e-01
656.078601 7.50000000e-01
656.080791 7.50000000e-01
656.082980 7.50000000e-01
656.085169 7.50000000e-01
656.087358 7.50000000e-01
656.089547 7.50000000e-01
656.091736 7.50000000e-01
656.093925 7.50000000e-01
656.096114 7.50000000e-01
656.098304 7.50000000e-01
656.100493 7.50000000e-01
656.102682 7.50000000e-01
656.104871 7.50000000e-01
656.107060 7.50000000e-01
656.109249 7.50000000e-01
656.111438 7.50000000e-01
656.113627 7.50000000e-01
656.115816 7.50000000e-01
656.118006 7.50000000e-01
656.120195 7.50000000e-01
656.122384 7.50000000e-01
656.124573 7.50000000e-01
656.126762 7.50000000e-01
656.128951 7.50000000e-01
656.131140 7.50000000e-01
656.133329 7.50000000e-01
656.135518 7.50000000e-01
656.137708 7.50000000e-01
656.139897 7.50000000e-01
656.142086 7.50000000e-01
656.144275 7.50000000e-01
656.146464 7.50000000e-01
656.148653 7.50000000e-01
656.150842 7.50000000e-01
656.153031 7.50000000e-01
656.155220 7.50000000e-01
656.157410 7.50000000e-01
656.159599 7.50000000e-01
656.161788 7.50000000e-01
656.163977 7.50000000e-01
656.166166 7.50000000e-01
656.168355 7.50000000e-01
656.170544 7.50000000e-01
656.172733 7.50000000e-01
656.174923 7.50000000e-01
656.177112 7.50000000e-01
656.179301 7.50000000e-01
656.181490 7.50000000e-01
656.183679 7.50000000e-01
656.185868 7.50000000e-01
656.188057 7.50000000e-01
656.190246 7.50000000e-01
656.192435 7.50000000e-01
656.194625 7.50000000e-01
656.196814 7.50000000e-01
656.199003 7.50000000e-01
656.201192 7.50000000e-01
656.203381 7.50000000e-01
656.205570 7.50000000e-01
656.207759 7.50000000e-01
656.209948 7.50000000e-01
656.212137 7.50000000e-01
656.214327 7.50000000e-01
656.216516 7.50000000e-01
656.218705 7.50000000e-01
656.220894 7.50000000e-01
656.223083 7.50000000e-01
656.225272 7.50000000e-01
656.227461 7.50000000e-01
656.229650 7.50000000e-01
656.231839 7.50000000e-01
656.234029 7.50000000e-01
656.236218 7.50000000e-01
656.238407 7.50000000e-01
656.240596 7.50000000e-01
656.242785 7.50000000e-01
656.244974 7.50000000e-01
656.247163 7.50000000e-01
656.249352 7.50000000e-01
656.251542 7.50000000e-01
656.253731 7.50000000e-01
656.255920 7.50000000e-01
656.258109 7.50000000e-01
656.260298 7.50000000e-01
656.262487 7.50000000e-01
656.264676 7.50000000e-01
656.266865 7.50000000e-01
656.269054 7.50000000e-01
656.271244 7.50000000e-01
656.273433 7.50000000e-01
656.275622 7.50000000e-01
656.277811 7.50000000e-01
656.280000 7.50000000e-01
656.282189 7.50000000e-01
656.284378 7.50000000e-01
656.286567 7.50000000e-01
656.288756 7.50000000e-01
656.290946 7.50000000e-01
656.293135 7.50000000e-01
656.295324 7.50000000e-01
656.297513 7.50000000e-01
656.299702 7.50000000e-01
656.301891 7.50000000e-01
656.304080 7.50000000e-01
656.306269 7.50000000e-01
656.308458 7.50000000e-01
656.310648 7.50000000e-01
656.312837 7.50000000e-01
656.315026 7.50000000e-01
656.317215 7.50000000e-01
656.319404 7.50000000e-01
656.321593 7.50000000e-01
656.323782 7.50000000e-01
656.325971 7.50000000e-01
656.328161 7.50000000e-01
656.330350 7.50000000e-01
656.332539 7.50000000e-01
656.334728 7.50000000e-01
656.336917 7.50000000e-01
656.339106 7.50000000e-01
656.341295 7.50000000e-01
656.343484 7.50000000e-01
656.345673 7.50000000e-01
656.347863 7.50000000e-01
656.350052 7.50000000e-01
656.352241 7.50000000e-01
656.354430 7.50000000e-01
656.356619 7.50000000e-01
656.358808 7.50000000e-01
656.360997 7.50000000e-01
656.363186 7.50000000e-01
656.365375 7.50000000e-01
656.367565 7.50000000e-01
656.369754 7.50000000e-01
656.371943 7.50000000e-01
656.374132 7.50000000e-01
656.376321 7.50000000e-01
656.378510 7.50000000e-01
656.380699 7.50000000e-01
656.382888 7.50000000e-01
656.385077 7.50000000e-01
656.387267 7.50000000e-01
656.389456 7.50000000e-01
656.391645 7.50000000e-01
656.393834 7.50000000e-01
656.396023 7.50000000e-01
656.398212 7.50000000e-01
656.400401 7.50000000e-01
656.402590 7.50000000e-01
656.404780 7.50000000e-01
656.406969 7.50000000e-01
656.409158 7.50000000e-01
656.411347 7.50000000e-01
656.413536 7.50000000e-01
656.415725 7.50000000e-01
656.417914 7.50000000e-01
656.420103 7.50000000e-01
656.422292 7.50000000e-01
656.424482 7.50000000e-01
656.426671 7.50000000e-01
656.428860 7.50000000e-01
656.431049 7.50000000e-01
656.433238 7.50000000e-01
656.435427 7.50000000e-01
656.437616 7.50000000e-01
656.439805 7.50000000e-01
656.441994 7.50000000e-01
656.444184 7.50000000e-01
656.446373 7.50000000e-01
656.448562 7.50000000e-01
656.450751 7.50000000e-01
656.452940 7.50000000e-01
656.455129 7.50000000e-01
656.457318 7.50000000e-01
656.459507 7.50000000e-01
656.461696 7.50000000e-01
656.463886 7.50000000e-01
656.466075 7.50000000e-01
656.468264 7.50000000e-01
656.470453 7.50000000e-01
656.472642 7.50000000e-01
656.474831 7.50000000e-01
656.477020 7.50000000e-01
656.479209 7.50000000e-01
656.481399 7.50000000e-01
656.483588 7.50000000e-01
656.485777 7.50000000e-01
656.487966 7.50000000e-01
656.490155 7.50000000e-01
656.492344 7.50000000e-01
656.494533 7.50000000e-01
656.496722 7.50000000e-01
656.498911 7.50000000e-01
656.501101 7.50000000e-01
656.503290 7.50000000e-01
656.505479 7.50000000e-01
656.507668 7.50000000e-01
656.509857 7.50000000e-01
656.512046 7.50000000e-01
656.514235 7.50000000e-01
656.516424 7.50000000e-01
656.518613 7.50000000e-01
656.520803 7.50000000e-01
656.522992 7.50000000e-01
656.525181 7.50000000e-01
656.527370 7.50000000e-01
656.529559 7.50000000e-01
656.531748 7.50000000e-01
656.533937 7.50000000e-01
656.536126 7.50000000e-01
656.538316 7.50000000e-01
656.540505 7.50000000e-01
656.542694 7.50000000e-01
656.544883 7.50000000e-01
656.547072 7.50000000e-01
656.549261 7.50000000e-01
656.551450 7.50000000e-01
656.553639 7.50000000e-01
656.555828 7.50000000e-01
656.558018 7.50000000e-01
656.560207 7.50000000e-01
656.562396 7.50000000e-01
656.564585 7.50000000e-01
656.566774 7.50000000e-01
656.568963 7.50000000e-01
656.571152 7.50000000e-01
656.573341 7.50000000e-01
656.575530 7.50000000e-01
656.577720 7.50000000e-01
656.579909 7.50000000e-01
656.582098 7.50000000e-01
656.584287 7.50000000e-01
656.586476 7.50000000e-01
656.588665 7.50000000e-01
656.590854 7.50000000e-01
656.593043 7.50000000e-01
656.595232 7.50000000e-01
656.597422 7.50000000e-01
656.599611 7.50000000e-01
656.601800 7.50000000e-01
656.603989 7.50000000e-01
656.606178 7.50000000e-01
656.608367 7.50000000e-01
656.610556 7.50000000e-01
656.612745 7.50000000e-01
656.614935 7.50000000e-01
656.617124 7.50000000e-01
656.619313 7.50000000e-01
656.621502 7.50000000e-01
656.623691 7.50000000e-01
656.625880 7.50000000e-01
656.628069 7.50000000e-01
656.630258 7.50000000e-01
656.632447 7.50000000e-01
656.634637 7.50000000e-01
656.636826 7.50000000e-01
656.639015 7.50000000e-01
656.641204 7.50000000e-01
656.643393 7.50000000e-01
656.645582 7.50000000e-01
656.647771 7.50000000e-01
656.649960 7.50000000e-01
656.652149 7.50000000e-01
656.654339 7.50000000e-01
656.656528 7.50000000e-01
656.658717 7.50000000e-01
656.660906 7.50000000e-01
656.663095 7.50000000e-01
656.665284 7.50000000e-01
656.667473 7.50000000e-01
656.669662 7.50000000e-01
656.671851 7.50000000e-01
656.674041 7.50000000e-01
656.676230 7.50000000e-01
656.678419 7.50000000e-01
656.680608 7.50000000e-01
656.682797 7.50000000e-01
656.684986 7.50000000e-01
656.687175 7.50000000e-01
656.689364 7.50000000e-01
656.691554 7.50000000e-01
656.693743 7.50000000e-01
656.695932 7.50000000e-01
656.698121 7.50000000e-01
656.700310 7.50000000e-01
656.702499 7.50000000e-01
656.704688 7.50000000e-01
656.706877 7.50000000e-01
656.709066 7.50000000e-01
656.711256 7.50000000e-01
656.713445 7.50000000e-01
656.715634 7.50000000e-01
656.717823 7.50000000e-01

# phase_index 1, pol_channel V
655.842177 7.50000000e-01 0.00000000e+00
655.844366 7.50000000e-01 0.00000000e+00
655.846555 7.50000000e-01 0.00000000e+00
655.848744 7.50000000e-01 0.00000000e+00
655.850934 7.50000000e-01 0.00000000e+00
655.853123 7.50000000e-01 0.00000000e+00
655.855312 7.50000000e-01 0.00000000e+00
655.857501 7.50000000e-01 0.00000000e+00
655.859690 7.50000000e-01 0.00000000e+00
655.861879 7.50000000e-01 0.00000000e+00
655.864068 7.50000000e-01 0.00000000e+00
655.866257 7.50000000e-01 0.00000000e+00
655.868446 7.50000000e-01 0.00000000e+00
655.870636 7.50000000e-01 0.00000000e+00
655.872825 7.50000000e-01 0.00000000e+00
655.875014 7.50000000e-01 0.00000000e+00
655.877203 7.50000000e-01 0.00000000e+00
655.879392 7.50000000e-01 0.00000000e+00
655.881581 7.50000000e-01 0.00000000e+00
655.883770 7.50000000e-01 0.00000000e+00
655.885959 7.50000000e-01 0.00000000e+00
655.888149 7.50000000e-01 0.00000000e+00
655.890338 7.50000000e-01 0.00000000e+00
655.892527 7.50000000e-01 0.00000000e+00
655.894716 7.50000000e-01 0.00000000e+00
655.896905 7.50000000e-01 0.00000000e+00
655.899094 7.50000000e-01 0.00000000e+00
655.901283 7.50000000e-01 0.00000000e+00
655.903472 7.50000000e-01 0.00000000e+00
655.905661 7.50000000e-01 0.00000000e+00
655.907851 7.50000000e-01 0.00000000e+00
655.910040 7.50000000e-01 0.00000000e+00
655.912229 7.50000000e-01 0.00000000e+00
655.914418 7.50000000e-01 0.00000000e+00
655.916607 7.50000000e-01 0.00000000e+00
655.918796 7.50000000e-01 0.00000000e+00
655.920985 7.50000000e-01 0.00000000e+00
655.923174 7.50000000e-01 0.00000000e+00
655.925363 7.50000000e-01 0.00000000e+00
655.927553 7.50000000e-01 0.00000000e+00
655.929742 7.50000000e-01 0.00000000e+00
655.931931 7.50000000e-01 0.00000000e+00
655.934120 7.50000000e-01 0.00000000e+00
655.936309 7.50000000e-01 0.00000000e+00
655.938498 7.50000000e-01 0.00000000e+00
655.940687 7.50000000e-01 0.00000000e+00
655.942876 7.50000000e-01 0.00000000e+00
655.945065 7.50000000e-01 0.00000000e+00
655.947255 7.50000000e-01 0.00000000e+00
655.949444 7.50000000e-01 0.00000000e+00
655.951633 7.50000000e-01 0.00000000e+00
655.953822 7.50000000e-01 0.00000000e+00
655.956011 7.50000000e-01 0.00000000e+00
655.958200 7.50000000e-01 0.00000000e+00
655.960389 7.50000000e-01 0.00000000e+00
655.962578 7.50000000e-01 0.00000000e+00
655.964768 7.50000000e-01 0.00000000e+00
655.966957 7.50000000e-01 0.00000000e+00
655.969146 7.50000000e-01 0.00000000e+00
655.971335 7.50000000e-01 0.00000000e+00
655.973524 7.50000000e-01 0.00000000e+00
655.975713 7.50000000e-01 0.00000000e+00
655.977902 7.50000000e-01 0.00000000e+00
655.980091 7.50000000e-01 0.00000000e+00
655.982280 7.50000000e-01 0.00000000e+00
655.984470 7.50000000e-01 0.00000000e+00
655.986659 7.50000000e-01 0.00000000e+00
655.988848 7.50000000e-01 0.00000000e+00
655.991037 7.50000000e-01 0.00000000e+00
655.993226 7.50000000e-01 0.00000000e+00
655.995415 7.50000000e-01 0.00000000e+00
655.997604 7.50000000e-01 0.00000000e+00
655.999793 7.50000000e-01 0.00000000e+00
656.001982 7.50000000e-01 0.00000000e+00
656.004172 7.50000000e-01 0.00000000e+00
656.006361 7.50000000e-01 0.00000000e+00
656.008550 7.50000000e-01 0.00000000e+00
656.010739 7.50000000e-01 0.00000000e+00
656.012928 7.50000000e-01 0.00000000e+00
656.015117 7.50000000e-01 0.00000000e+00
656.017306 7.50000000e-01 0.00000000e+00
656.019495 7.50000000e-01 0.00000000e+00
656.021684 7.50000000e-01 0.00000000e+00
656.023874 7.50000000e-01 0.00000000e+00
656.026063 7.50000000e-01 0.00000000e+00
656.028252 7.50000000e-01 0.00000000e+00
656.030441 7.50000000e-01 0.00000000e+00
656.032630 7.50000000e-01 0.00000000e+00
656.034819 7.50000000e-01 0.00000000e+00
656.037008 7.50000000e-01 0.00000000e+00
656.039197 7.50000000e-01 0.00000000e+00
656.041387 7.50000000e-01 0.00000000e+00
656.043576 7.50000000e-01 0.00000000e+00
656.045765 7.50000000e-01 0.00000000e+00
656.047954 7.50000000e-01 0.00000000e+00
656.050143 7.50000000e-01 0.00000000e+00
656.052332 7.50000000e-01 0.00000000e+00
656.054521 7.50000000e-01 0.00000000e+00
656.056710 7.50000000e-01 0.00000000e+00
656.058899 7.50000000e-01 0.00000000e+00
656.061089 7.50000000e-01 0.00000000e+00
656.063278 7.50000000e-01 0.00000000e+00
656.065467 7.50000000e-01 0.00000000e+00
656.067656 7.50000000e-01 0.00000000e+00
656.069845 7.50000000e-01 0.00000000e+00
656.072034 7.50000000e-01 0.00000000e+00
656.074223 7.50000000e-01 0.00000000e+00
656.076412 7.50000000e-01 0.00000000e+00
656.078601 7.50000000e-01 0.00000000e+00
656.080791 7.50000000e-01 0.00000000e+00
656.082980 7.50000000e-01 0.00000000e+00
656.085169 7.50000000e-01 0.00000000e+00
656.087358 7.50000000e-01 0.00000000e+00
656.089547 7.50000000e-01 0.00000000e+00
656.091736 7.50000000e-01 0.00000000e+00
656.093925 7.50000000e-01 0.00000000e+00
656.096114 7.50000000e-01 0.00000000e+00
656.098304 7.50000000e-01 0.00000000e+00
656.100493 7.50000000e-01 0.00000000e+00
656.102682 7.50000000e-01 0.00000000e+00
656.104871 7.50000000e-01 0.00000000e+00
656.107060 7.50000000e-01 0.00000000e+00
656.109249 7.50000000e-01 0.00000000e+00
656.111438 7.50000000e-01 0.00000000e+00
656.113627 7.50000000e-01 0.00000000e+00
656.115816 7.50000000e-01 0.00000000e+00
656.118006 7.50000000e-01 0.00000000e+00
656.120195 7.50000000e-01 0.00000000e+00
656.122384 7.50000000e-01 0.00000000e+00
656.124573 7.50000000e-01 0.00000000e+00
656.126762 7.50000000e-01 0.00000000e+00
656.128951 7.50000000e-01 0.00000000e+00
656.131140 7.50000000e-01 0.00000000e+00
656.133329 7.50000000e-01 0.00000000e+00
656.135518 7.50000000e-01 0.00000000e+00
656.137708 7.50000000e-01 0.00000000e+00
656.139897 7.50000000e-01 0.00000000e+00
656.142086 7.50000000e-01 0.00000000e+00
656.144275 7.50000000e-01 0.00000000e+00
656.146464 7.50000000e-01 0.00000000e+00
656.148653 7.50000000e-01 0.00000000e+00
656.150842 7.50000000e-01 0.00000000e+00
656.153031 7.50000000e-01 0.00000000e+00
656.155220 7.50000000e-01 0.00000000e+00
656.157410 7.50000000e-01 0.00000000e+00
656.159599 7.50000000e-01 0.00000000e+00
656.161788 7.50000000e-01 0.00000000e+00
656.163977 7.50000000e-01 0.00000000e+00
656.166166 7.50000000e-01 0.00000000e+00
656.168355 7.50000000e-01 0.00000000e+00
656.170544 7.50000000e-01 0.00000000e+00
656.172733 7.50000000e-01 0.00000000e+00
656.174923 7.50000000e-01 0.00000000e+00
656.177112 7.50000000e-01 0.00000000e+00
656.179301 7.50000000e-01 0.00000000e+00
656.181490 7.50000000e-01 0.00000000e+00
656.183679 7.50000000e-01 0.00000000e+00
656.185868 7.50000000e-01 0.00000000e+00
656.188057 7.50000000e-01 0.00000000e+00
656.190246 7.50000000e-01 0.00000000e+00
656.192435 7.50000000e-01 0.00000000e+00
656.194625 7.50000000e-01 0.00000000e+00
656.196814 7.50000000e-01 0.00000000e+00
656.199003 7.50000000e-01 0.00000000e+00
656.201192 7.50000000e-01 0.00000000e+00
656.203381 7.50000000e-01 0.00000000e+00
656.205570 7.50000000e-01 0.00000000e+00
656.207759 7.50000000e-01 0.00000000e+00
656.209948 7.50000000e-01 0.00000000e+00
656.212137 7.50000000e-01 0.00000000e+00
656.214327 7.50000000e-01 0.00000000e+00
656.216516 7.50000000e-01 0.00000000e+00
656.218705 7.50000000e-01 0.00000000e+00
656.220894 7.50000000e-01 0.00000000e+00
656.223083 7.50000000e-01 0.00000000e+00
656.225272 7.50000000e-01 0.00000000e+00
656.227461 7.50000000e-01 0.00000000e+00
656.229650 7.50000000e-01 0.00000000e+00
656.231839 7.50000000e-01 0.00000000e+00
656.234029 7.50000000e-01 0.00000000e+00
656.236218 7.50000000e-01 0.00000000e+00
656.238407 7.50000000e-01 0.00000000e+00
656.240596 7.50000000e-01 0.00000000e+00
656.242785 7.50000000e-01 0.00000000e+00
656.244974 7.50000000e-01 0.00000000e+00
656.247163 7.50000000e-01 0.00000000e+00
656.249352 7.50000000e-01 0.00000000e+00
656.251542 7.50000000e-01 0.00000000e+00
656.253731 7.50000000e-01 0.00000000e+00
656.255920 7.50000000e-01 0.00000000e+00
656.258109 7.50000000e-01 0.00000000e+00
656.260298 7.50000000e-01 0.00000000e+00
656.262487 7.50000000e-01 0.00000000e+00
656.264676 7.50000000e-01 0.00000000e+00
656.266865 7.50000000e-01 0.00000000e+00
656.269054 7.50000000e-01 0.00000000e+00
656.271244 7.50000000e-01 0.00000000e+00
656.273433 7.50000000e-01 0.00000000e+00
656.275622 7.50000000e-01 0.00000000e+00
656.277811 7.50000000e-01 0.00000000e+00
656.280000 7.50000000e-01 0.00000000e+00
656.282189 7.50000000e-01 0.00000000e+00
656.284378 7.50000000e-01 0.00000000e+00
656.286567 7.50000000e-01 0.00000000e+00
656.288756 7.50000000e-01 0.00000000e+00
656.290946 7.50000000e-01 0.00000000e+00
656.293135 7.50000000e-01 0.00000000e+00
656.295324 7.50000000e-01 0.00000000e+00
656.297513 7.50000000e-01 0.00000000e+00
656.299702 7.50000000e-01 0.00000000e+00
656.301891 7.50000000e-01 0.00000000e+00
656.304080 7.50000000e-01 0.00000000e+00
656.306269 7.50000000e-01 0.00000000e+00
656.308458 7.50000000e-01 0.00000000e+00
656.310648 7.50000000e-01 0.00000000e+00
656.312837 7.50000000e-01 0.00000000e+00
656.315026 7.50000000e-01 0.00000000e+00
656.317215 7.50000000e-01 0.00000000e+00
656.319404 7.50000000e-01 0.00000000e+00
656.321593 7.50000000e-01 0.00000000e+00
656.323782 7.50000000e-01 0.00000000e+00
656.325971 7.50000000e-01 0.00000000e+00
656.328161 7.50000000e-01 0.00000000e+00
656.330350 7.50000000e-01 0.00000000e+00
656.332539 7.50000000e-01 0.00000000e+00
656.334728 7.50000000e-01 0.00000000e+00
656.336917 7.50000000e-01 0.00000000e+00
656.339106 7.50000000e-01 0.00000000e+00
656.341295 7.50000000e-01 0.00000000e+00
656.343484 7.50000000e-01 0.00000000e+00
656.345673 7.50000000e-01 0.00000000e+00
656.347863 7.50000000e-01 0.00000000e+00
656.350052 7.50000000e-01 0.00000000e+00
656.352241 7.50000000e-01 0.00000000e+00
656.354430 7.50000000e-01 0.00000000e+00
656.356619 7.50000000e-01 0.00000000e+00
656.358808 7.50000000e-01 0.00000000e+00
656.360997 7.50000000e-01 0.00000000e+00
656.363186 7.50000000e-01 0.00000000e+00
656.365375 7.50000000e-01 0.00000000e+00
656.367565 7.50000000e-01 0.00000000e+00
656.369754 7.50000000e-01 0.00000000e+00
656.371943 7.50000000e-01 0.00000000e+00
656.374132 7.50000000e-01 0.00000000e+00
656.376321 7.50000000e-01 0.00000000e+00
656.378510 7.50000000e-01 0.00000000e+00
656.380699 7.50000000e-01 0.00000000e+00
656.382888 7.50000000e-01 0.00000000e+00
656.385077 7.50000000e-01 0.00000000e+00
656.387267 7.50000000e-01 0.00000000e+00
656.389456 7.50000000e-01 0.00000000e+00
656.391645 7.50000000e-01 0.00000000e+00
656.393834 7.50000000e-01 0.00000000e+00
656.396023 7.50000000e-01 0.00000000e+00
656.398212 7.50000000e-01 0.00000000e+00
656.400401 7.50000000e-01 0.00000000e+00
656.402590 7.50000000e-01 0.00000000e+00
656.404780 7.50000000e-01 0.00000000e+00
656.406969 7.50000000e-01 0.00000000e+00
656.409158 7.50000000e-01 0.00000000e+00
656.411347 7.50000000e-01 0.00000000e+00
656.413536 7.50000000e-01 0.00000000e+00
656.415725 7.50000000e-01 0.00000000e+00
656.417914 7.50000000e-01 0.00000000e+00
656.420103 7.50000000e-01 0.00000000e+00
656.422292 7.50000000e-01 0.00000000e+00
656.424482 7.50000000e-01 0.00000000e+00
656.426671 7.50000000e-01 0.00000000e+00
656.428860 7.50000000e-01 0.00000000e+00
656.431049 7.50000000e-01 0.00000000e+00
656.433238 7.50000000e-01 0.00000000e+00
656.435427 7.50000000e-01 0.00000000e+00
656.437616 7.50000000e-01 0.00000000e+00
656.439805 7.50000000e-01 0.00000000e+00
656.441994 7.50000000e-01 0.00000000e+00
656.444184 7.50000000e-01 0.00000000e+00
656.446373 7.50000000e-01 0.00000000e+00
656.448562 7.50000000e-01 0.00000000e+00
656.450751 7.50000000e-01 0.00000000e+00
656.452940 7.50000000e-01 0.00000000e+00
656.455129 7.50000000e-01 0.00000000e+00
656.457318 7.50000000e-01 0.00000000e+00
656.459507 7.50000000e-01 0.00000000e+00
656.461696 7.50000000e-01 0.00000000e+00
656.463886 7.50000000e-01 0.00000000e+00
656.466075 7.50000000e-01 0.00000000e+00
656.468264 7.50000000e-01 0.00000000e+00
656.470453 7.50000000e-01 0.00000000e+00
656.472642 7.50000000e-01 0.00000000e+00
656.474831 7.50000000e-01 0.00000000e+00
656.477020 7.50000000e-01 0.00000000e+00
656.479209 7.50000000e-01 0.00000000e+00
656.481399 7.50000000e-01 0.00000000e+00
656.483588 7.50000000e-01 0.00000000e+00
656.485777 7.50000000e-01 0.00000000e+00
656.487966 7.50000000e-01 0.00000000e+00
656.490155 7.50000000e-01 0.00000000e+00
656.492344 7.50000000e-01 0.00000000e+00
656.494533 7.50000000e-01 0.00000000e+00
656.496722 7.50000000e-01 0.00000000e+00
656.498911 7.50000000e-01 0.00000000e+00
656.501101 7.50000000e-01 0.00000000e+00
656.503290 7.50000000e-01 0.00000000e+00
656.505479 7.50000000e-01 0.00000000e+00
656.507668 7.50000000e-01 0.00000000e+00
656.509857 7.50000000e-01 0.00000000e+00
656.512046 7.50000000e-01 0.00000000e+00
656.514235 7.50000000e-01 0.00000000e+00
656.516424 7.50000000e-01 0.00000000e+00
656.518613 7.50000000e-01 0.00000000e+00
656.520803 7.50000000e-01 0.00000000e+00
656.522992 7.50000000e-01 0.00000000e+00
656.525181 7.50000000e-01 0.00000000e+00
656.527370 7.50000000e-01 0.00000000e+00
656.529559 7.50000000e-01 0.00000000e+00
656.531748 7.50000000e-01 0.00000000e+00
656.533937 7.50000000e-01 0.00000000e+00
656.536126 7.50000000e-01 0.00000000e+00
656.538316 7.50000000e-01 0.00000000e+00
656.540505 7.50000000e-01 0.00000000e+00
656.542694 7.50000000e-01 0.00000000e+00
656.544883 7.50000000e-01 0.00000000e+00
656.547072 7.50000000e-01 0.00000000e+00
656.549261 7.50000000e-01 0.00000000e+00
656.551450 7.50000000e-01 0.00000000e+00
656.553639 7.50000000e-01 0.00000000e+00
656.555828 7.50000000e-01 0.00000000e+00
656.558018 7.50000000e-01 0.00000000e+00
656.560207 7.50000000e-01 0.00000000e+00
656.562396 7.50000000e-01 0.00000000e+00
656.564585 7.50000000e-01 0.00000000e+00
656.566774 7.50000000e-01 0.00000000e+00
656.568963 7.50000000e-01 0.00000000e+00
656.571152 7.50000000e-01 0.00000000e+00
656.573341 7.50000000e-01 0.00000000e+00
656.575530 7.50000000e-01 0.00000000e+00
656.577720 7.50000000e-01 0.00000000e+00
656.579909 7.50000000e-01 0.00000000e+00
656.582098 7.50000000e-01 0.00000000e+00
656.584287 7.50000000e-01 0.00000000e+00
656.586476 7.50000000e-01 0.00000000e+00
656.588665 7.50000000e-01 0.00000000e+00
656.590854 7.50000000e-01 0.00000000e+00
656.593043 7.50000000e-01 0.00000000e+00
656.595232 7.50000000e-01 0.00000000e+00
656.597422 7.50000000e-01 0.00000000e+00
656.599611 7.50000000e-01 0.00000000e+00
656.601800 7.50000000e-01 0.00000000e+00
656.603989 7.50000000e-01 0.00000000e+00
656.606178 7.50000000e-01 0.00000000e+00
656.608367 7.50000000e-01 0.00000000e+00
656.610556 7.50000000e-01 0.00000000e+00
656.612745 7.50000000e-01 0.00000000e+00
656.614935 7.50000000e-01 0.00000000e+00
656.617124 7.50000000e-01 0.00000000e+00
656.619313 7.50000000e-01 0.00000000e+00
656.621502 7.50000000e-01 0.00000000e+00
656.623691 7.50000000e-01 0.00000000e+00
656.625880 7.50000000e-01 0.00000000e+00
656.628069 7.50000000e-01 0.00000000e+00
656.630258 7.50000000e-01 0.00000000e+00
656.632447 7.50000000e-01 0.00000000e+00
656.634637 7.50000000e-01 0.00000000e+00
656.636826 7.50000000e-01 0.00000000e+00
656.639015 7.50000000e-01 0.00000000e+00
656.641204 7.50000000e-01 0.00000000e+00
656.643393 7.50000000e-01 0.00000000e+00
656.645582 7.50000000e-01 0.00000000e+00
656.647771 7.50000000e-01 0.00000000e+00
656.649960 7.50000000e-01 0.00000000e+00
656.652149 7.50000000e-01 0.00000000e+00
656.654339 7.50000000e-01 0.00000000e+00
656.656528 7.50000000e-01 0.00000000e+00
656.658717 7.50000000e-01 0.00000000e+00
656.660906 7.50000000e-01 0.00000000e+00
656.663095 7.50000000e-01 0.00000000e+00
656.665284 7.50000000e-01 0.00000000e+00
656.667473 7.50000000e-01 0.00000000e+00
656.669662 7.50000000e-01 0.00000000e+00
656.671851 7.50000000e-01 0.00000000e+00
656.674041 7.50000000e-01 0.00000000e+00
656.676230 7.50000000e-01 0.00000000e+00
656.678419 7.50000000e-01 0.00000000e+00
656.680608 7.50000000e-01 0.00000000e+00
656.682797 7.50000000e-01 0.00000000e+00
656.684986 7.50000000e-01 0.00000000e+00
656.687175 7.50000000e-01 0.00000000e+00
656.689364 7.50000000e-01 0.00000000e+00
656.691554 7.50000000e-01 0.00000000e+00
656.693743 7.50000000e-01 0.00000000e+00
656.695932 7.50000000e-01 0.00000000e+00
656.698121 7.50000000e-01 0.00000000e+00
656.700310 7.50000000e-01 0.00000000e+00
656.702499 7.50000000e-01 0.00000000e+00
656.704688 7.50000000e-01 0.00000000e+00
656.706877 7.50000000e-01 0.00000000e+00
656.709066 7.50000000e-01 0.00000000e+00
656.711256 7.50000000e-01 0.00000000e+00
656.713445 7.50000000e-01 0.00000000e+00
656.715634 7.50000000e-01 0.00000000e+00
656.717823 7.50000000e-01 0.00000000e+00

# phase_index 2, pol_channel Q
655.842177 7.50000000e-01 0.00000000e+00
655.844366 7.50000000e-01 0.00000000e+00
655.846555 7.50000000e-01 0.00000000e+00
655.848744 7.50000000e-01 0.00000000e+00
655.850934 7.50000000e-01 0.00000000e+00
655.853123 7.50000000e-01 0.00000000e+00
655.855312 7.50000000e-01 0.00000000e+00
655.857501 7.50000000e-01 0.00000000e+00
655.859690 7.50000000e-01 0.00000000e+00
655.861879 7.50000000e-01 0.00000000e+00
655.864068 7.50000000e-01 0.00000000e+00
655.866257 7.50000000e-01 0.00000000e+00
655.868446 7.50000000e-01 0.00000000e+00
655.870636 7.50000000e-01 0.00000000e+00
655.872825 7.50000000e-01 0.00000000e+00
655.875014 7.50000000e-01 0.00000000e+00
655.877203 7.50000000e-01 0.00000000e+00
655.879392 7.50000000e-01 0.00000000e+00
655.881581 7.50000000e-01 0.00000000e+00
655.883770 7.50000000e-01 0.00000000e+00
655.885959 7.50000000e-01 0.00000000e+00
655.888149 7.50000000e-01 0.00000000e+00
655.890338 7.50000000e-01 0.00000000e+00
655.892527 7.50000000e-01 0.00000000e+00
655.894716 7.50000000e-01 0.00000000e+00
655.896905 7.50000000e-01 0.00000000e+00
655.899094 7.50000000e-01 0.00000000e+00
655.901283 7.50000000e-01 0.00000000e+00
655.903472 7.50000000e-01 0.00000000e+00
655.905661 7.50000000e-01 0.00000000e+00
655.907851 7.50000000e-01 0.00000000e+00
655.910040 7.50000000e-01 0.00000000e+00
655.912229 7.50000000e-01 0.00000000e+00
655.914418 7.50000000e-01 0.00000000e+00
655.916607 7.50000000e-01 0.00000000e+00
655.918796 7.50000000e-01 0.00000000e+00
655.920985 7.50000000e-01 0.00000000e+00
655.923174 7.50000000e-01 0.00000000e+00
655.925363 7.50000000e-01 0.00000000e+00
655.927553 7.50000000e-01 0.00000000e+00
655.929742 7.50000000e-01 0.00000000e+00
655.931931 7.50000000e-01 0.00000000e+00
655.934120 7.50000000e-01 0.00000000e+00
655.936309 7.50000000e-01 0.00000000e+00
655.938498 7.50000000e-01 0.00000000e+00
655.940687 7.50000000e-01 0.00000000e+00
655.942876 7.50000000e-01 0.00000000e+00
655.945065 7.50000000e-01 0.00000000e+00
655.947255 7.50000000e-01 0.00000000e+00
655.949444 7.50000000e-01 0.00000000e+00
655.951633 7.50000000e-01 0.00000000e+00
655.953822 7.50000000e-01 0.00000000e+00
655.956011 7.50000000e-01 0.00000000e+00
655.958200 7.50000000e-01 0.00000000e+00
655.960389 7.50000000e-01 0.00000000e+00
655.962578 7.50000000e-01 0.00000000e+00
655.964768 7.50000000e-01 0.00000000e+00
655.966957 7.50000000e-01 0.00000000e+00
655.969146 7.50000000e-01 0.00000000e+00
655.971335 7.50000000e-01 0.00000000e+00
655.973524 7.50000000e-01 0.00000000e+00
655.975713 7.50000000e-01 0.00000000e+00
655.977902 7.50000000e-01 0.00000000e+00
655.980091 7.50000000e-01 0.00000000e+00
655.982280 7.50000000e-01 0.00000000e+00
655.984470 7.50000000e-01 0.00000000e+00
655.986659 7.50000000e-01 0.00000000e+00
655.988848 7.50000000e-01 0.00000000e+00
655.991037 7.50000000e-01 0.00000000e+00
655.993226 7.50000000e-01 0.00000000e+00
655.995415 7.50000000e-01 0.00000000e+00
655.997604 7.50000000e-01 0.00000000e+00
655.999793 7.50000000e-01 0.00000000e+00
656.001982 7.50000000e-01 0.00000000e+00
656.004172 7.50000000e-01 0.00000000e+00
656.006361 7.50000000e-01 0.00000000e+00
656.008550 7.50000000e-01 0.00000000e+00
656.010739 7.50000000e-01 0.00000000e+00
656.012928 7.50000000e-01 0.00000000e+00
656.015117 7.50000000e-01 0.00000000e+00
656.017306 7.50000000e-01 0.00000000e+00
656.019495 7.50000000e-01 0.00000000e+00
656.021684 7.50000000e-01 0.00000000e+00
656.023874 7.50000000e-01 0.00000000e+00
656.026063 7.50000000e-01 0.00000000e+00
656.028252 7.50000000e-01 0.00000000e+00
656.030441 7.50000000e-01 0.00000000e+00
656.032630 7.50000000e-01 0.00000000e+00
656.034819 7.50000000e-01 0.00000000e+00
656.037008 7.50000000e-01 0.00000000e+00
656.039197 7.50000000e-01 0.00000000e+00
656.041387 7.50000000e-01 0.00000000e+00
656.043576 7.50000000e-01 0.00000000e+00
656.045765 7.50000000e-01 0.00000000e+00
656.047954 7.50000000e-01 0.00000000e+00
656.050143 7.50000000e-01 0.00000000e+00
656.052332 7.50000000e-01 0.00000000e+00
656.054521 7.50000000e-01 0.00000000e+00
656.056710 7.50000000e-01 0.00000000e+00
656.058899 7.50000000e-01 0.00000000e+00
656.061089 7.50000000e-01 0.00000000e+00
656.063278 7.50000000e-01 0.00000000e+00
656.065467 7.50000000e-01 0.00000000e+00
656.067656 7.50000000e-01 0.00000000e+00
656.069845 7.50000000e-01 0.00000000e+00
656.072034 7.50000000e-01 0.00000000e+00
656.074223 7.50000000e-01 0.00000000e+00
656.076412 7.50000000e-01 0.00000000e+00
656.078601 7.50000000e-01 0.00000000e+00
656.080791 7.50000000e-01 0.00000000e+00
656.082980 7.50000000e-01 0.00000000e+00
656.085169 7.50000000e-01 0.00000000e+00
656.087358 7.50000000e-01 0.00000000e+00
656.089547 7.50000000e-01 0.00000000e+00
656.091736 7.50000000e-01 0.00000000e+00
656.093925 7.50000000e-01 0.00000000e+00
656.096114 7.50000000e-01 0.00000000e+00
656.098304 7.50000000e-01 0.00000000e+00
656.100493 7.50000000e-01 0.00000000e+00
656.102682 7.50000000e-01 0.00000000e+00
656.104871 7.50000000e-01 0.00000000e+00
656.107060 7.50000000e-01 0.00000000e+00
656.109249 7.50000000e-01 0.00000000e+00
656.111438 7.50000000e-01 0.00000000e+00
656.113627 7.50000000e-01 0.00000000e+00
656.115816 7.50000000e-01 0.00000000e+00
656.118006 7.50000000e-01 0.00000000e+00
656.120195 7.50000000e-01 0.00000000e+00
656.122384 7.50000000e-01 0.00000000e+00
656.124573 7.50000000e-01 0.00000000e+00
656.126762 7.50000000e-01 0.00000000e+00
656.128951 7.50000000e-01 0.00000000e+00
656.131140 7.50000000e-01 0.00000000e+00
656.133329 7.50000000e-01 0.00000000e+00
656.135518 7.50000000e-01 0.00000000e+00
656.137708 7.50000000e-01 0.00000000e+00
656.139897 7.50000000e-01 0.00000000e+00
656.142086 7.50000000e-01 0.00000000e+00
656.144275 7.50000000e-01 0.00000000e+00
656.146464 7.50000000e-01 0.00000000e+00
656.148653 7.50000000e-01 0.00000000e+00
656.150842 7.50000000e-01 0.00000000e+00
656.153031 7.50000000e-01 0.00000000e+00
656.155220 7.50000000e-01 0.00000000e+00
656.157410 7.50000000e-01 0.00000000e+00
656.159599 7.50000000e-01 0.00000000e+00
656.161788 7.50000000e-01 0.00000000e+00
656.163977 7.50000000e-01 0.00000000e+00
656.166166 7.50000000e-01 0.00000000e+00
656.168355 7.50000000e-01 0.00000000e+00
656.170544 7.50000000e-01 0.00000000e+00
656.172733 7.50000000e-01 0.00000000e+00
656.174923 7.50000000e-01 0.00000000e+00
656.177112 7.50000000e-01 0.00000000e+00
656.179301 7.50000000e-01 0.00000000e+00
656.181490 7.50000000e-01 0.00000000e+00
656.183679 7.50000000e-01 0.00000000e+00
656.185868 7.50000000e-01 0.00000000e+00
656.188057 7.50000000e-01 0.00000000e+00
656.190246 7.50000000e-01 0.00000000e+00
656.192435 7.50000000e-01 0.00000000e+00
656.194625 7.50000000e-01 0.00000000e+00
656.196814 7.50000000e-01 0.00000000e+00
656.199003 7.50000000e-01 0.00000000e+00
656.201192 7.50000000e-01 0.00000000e+00
656.203381 7.50000000e-01 0.00000000e+00
656.205570 7.50000000e-01 0.00000000e+00
656.207759 7.50000000e-01 0.00000000e+00
656.209948 7.50000000e-01 0.00000000e+00
656.212137 7.50000000e-01 0.00000000e+00
656.214327 7.50000000e-01 0.00000000e+00
656.216516 7.50000000e-01 0.00000000e+00
656.218705 7.50000000e-01 0.00000000e+00
656.220894 7.50000000e-01 0.00000000e+00
656.223083 7.50000000e-01 0.00000000e+00
656.225272 7.50000000e-01 0.00000000e+00
656.227461 7.50000000e-01 0.00000000e+00
656.229650 7.50000000e-01 0.00000000e+00
656.231839 7.50000000e-01 0.00000000e+00
656.234029 7.50000000e-01 0.00000000e+00
656.236218 7.50000000e-01 0.00000000e+00
656.238407 7.50000000e-01 0.00000000e+00
656.240596 7.50000000e-01 0.00000000e+00
656.242785 7.50000000e-01 0.00000000e+00
656.244974 7.50000000e-01 0.00000000e+00
656.247163 7.50000000e-01 0.00000000e+00
656.249352 7.50000000e-01 0.00000000e+00
656.251542 7.50000000e-01 0.00000000e+00
656.253731 7.50000000e-01 0.00000000e+00
656.255920 7.50000000e-01 0.00000000e+00
656.258109 7.50000000e-01 0.00000000e+00
656.260298 7.50000000e-01 0.00000000e+00
656.262487 7.50000000e-01 0.00000000e+00
656.264676 7.50000000e-01 0.00000000e+00
656.266865 7.50000000e-01 0.00000000e+00
656.269054 7.50000000e-01 0.00000000e+00
656.271244 7.50000000e-01 0.00000000e+00
656.273433 7.50000000e-01 0.00000000e+00
656.275622 7.50000000e-01 0.00000000e+00
656.277811 7.50000000e-01 0.00000000e+00
656.280000 7.50000000e-01 0.00000000e+00
656.282189 7.50000000e-01 0.00000000e+00
656.284378 7.50000000e-01 0.00000000e+00
656.286567 7.50000000e-01 0.00000000e+00
656.288756 7.50000000e-01 0.00000000e+00
656.290946 7.50000000e-01 0.00000000e+00
656.293135 7.50000000e-01 0.00000000e+00
656.295324 7.50000000e-01 0.00000000e+00
656.297513 7.50000000e-01 0.00000000e+00
656.299702 7.50000000e-01 0.00000000e+00
656.301891 7.50000000e-01 0.00000000e+00
656.304080 7.50000000e-01 0.00000000e+00
656.306269 7.50000000e-01 0.00000000e+00
656.308458 7.50000000e-01 0.00000000e+00
656.310648 7.50000000e-01 0.00000000e+00
656.312837 7.50000000e-01 0.00000000e+00
656.315026 7.50000000e-01 0.00000000e+00
656.317215 7.50000000e-01 0.00000000e+00
656.319404 7.50000000e-01 0.00000000e+00
656.321593 7.50000000e-01 0.00000000e+00
656.323782 7.50000000e-01 0.00000000e+00
656.325971 7.50000000e-01 0.00000000e+00
656.328161 7.50000000e-01 0.00000000e+00
656.330350 7.50000000e-01 0.00000000e+00
656.332539 7.50000000e-01 0.00000000e+00
656.334728 7.50000000e-01 0.00000000e+00
656.336917 7.50000000e-01 0.00000000e+00
656.339106 7.50000000e-01 0.00000000e+00
656.341295 7.50000000e-01 0.00000000e+00
656.343484 7.50000000e-01 0.00000000e+00
656.345673 7.50000000e-01 0.00000000e+00
656.347863 7.50000000e-01 0.00000000e+00
656.350052 7.50000000e-01 0.00000000e+00
656.352241 7.50000000e-01 0.00000000e+00
656.354430 7.50000000e-01 0.00000000e+00
656.356619 7.50000000e-01 0.00000000e+00
656.358808 7.50000000e-01 0.00000000e+00
656.360997 7.50000000e-01 0.00000000e+00
656.363186 7.50000000e-01 0.00000000e+00
656.365375 7.50000000e-01 0.00000000e+00
656.367565 7.50000000e-01 0.00000000e+00
656.369754 7.50000000e-01 0.00000000e+00
656.371943 7.50000000e-01 0.00000000e+00
656.374132 7.50000000e-01 0.00000000e+00
656.376321 7.50000000e-01 0.00000000e+00
656.378510 7.50000000e-01 0.00000000e+00
656.380699 7.50000000e-01 0.00000000e+00
656.382888 7.50000000e-01 0.00000000e+00
656.385077 7.50000000e-01 0.00000000e+00
656.387267 7.50000000e-01 0.00000000e+00
656.389456 7.50000000e-01 0.00000000e+00
656.391645 7.50000000e-01 0.00000000e+00
656.393834 7.50000000e-01 0.00000000e+00
656.396023 7.50000000e-01 0.00000000e+00
656.398212 7.50000000e-01 0.00000000e+00
656.400401 7.50000000e-01 0.00000000e+00
656.402590 7.50000000e-01 0.00000000e+00
656.404780 7.50000000e-01 0.00000000e+00
656.406969 7.50000000e-01 0.00000000e+00
656.409158 7.50000000e-01 0.00000000e+00
656.411347 7.50000000e-01 0.00000000e+00
656.413536 7.50000000e-01 0.00000000e+00
656.415725 7.50000000e-01 0.00000000e+00
656.417914 7.50000000e-01 0.00000000e+00
656.420103 7.50000000e-01 0.00000000e+00
656.422292 7.50000000e-01 0.00000000e+00
656.424482 7.50000000e-01 0.00000000e+00
656.426671 7.50000000e-01 0.00000000e+00
656.428860 7.50000000e-01 0.00000000e+00
656.431049 7.50000000e-01 0.00000000e+00
656.433238 7.50000000e-01 0.00000000e+00
656.435427 7.50000000e-01 0.00000000e+00
656.437616 7.50000000e-01 0.00000000e+00
656.439805 7.50000000e-01 0.00000000e+00
656.441994 7.50000000e-01 0.00000000e+00
656.444184 7.50000000e-01 0.00000000e+00
656.446373 7.50000000e-01 0.00000000e+00
656.448562 7.50000000e-01 0.00000000e+00
656.450751 7.50000000e-01 0.00000000e+00
656.452940 7.50000000e-01 0.00000000e+00
656.455129 7.50000000e-01 0.00000000e+00
656.457318 7.50000000e-01 0.00000000e+00
656.459507 7.50000000e-01 0.00000000e+00
656.461696 7.50000000e-01 0.00000000e+00
656.463886 7.50000000e-01 0.00000000e+00
656.466075 7.50000000e-01 0.00000000e+00
656.468264 7.50000000e-01 0.00000000e+00
656.470453 7.50000000e-01 0.00000000e+00
656.472642 7.50000000e-01 0.00000000e+00
656.474831 7.50000000e-01 0.00000000e+00
656.477020 7.50000000e-01 0.00000000e+00
656.479209 7.50000000e-01 0.00000000e+00
656.481399 7.50000000e-01 0.00000000e+00
656.483588 7.50000000e-01 0.00000000e+00
656.485777 7.50000000e-01 0.00000000e+00
656.487966 7.50000000e-01 0.00000000e+00
656.490155 7.50000000e-01 0.00000000e+00
656.492344 7.50000000e-01 0.00000000e+00
656.494533 7.50000000e-01 0.00000000e+00
656.496722 7.50000000e-01 0.00000000e+00
656.498911 7.50000000e-01 0.00000000e+00
656.501101 7.50000000e-01 0.00000000e+00
656.503290 7.50000000e-01 0.00000000e+00
656.505479 7.50000000e-01 0.00000000e+00
656.507668 7.50000000e-01 0.00000000e+00
656.509857 7.50000000e-01 0.00000000e+00
656.512046 7.50000000e-01 0.00000000e+00
656.514235 7.50000000e-01 0.00000000e+00
656.516424 7.50000000e-01 0.00000000e+00
656.518613 7.50000000e-01 0.00000000e+00
656.520803 7.50000000e-01 0.00000000e+00
656.522992 7.50000000e-01 0.00000000e+00
656.525181 7.50000000e-01 0.00000000e+00
656.527370 7.50000000e-01 0.00000000e+00
656.529559 7.50000000e-01 0.00000000e+00
656.531748 7.50000000e-01 0.00000000e+00
656.533937 7.50000000e-01 0.00000000e+00
656.536126 7.50000000e-01 0.00000000e+00
656.538316 7.50000000e-01 0.00000000e+00
656.540505 7.50000000e-01 0.00000000e+00
656.542694 7.50000000e-01 0.00000000e+00
656.544883 7.50000000e-01 0.00000000e+00
656.547072 7.50000000e-01 0.00000000e+00
656.549261 7.50000000e-01 0.00000000e+00
656.551450 7.50000000e-01 0.00000000e+00
656.553639 7.50000000e-01 0.00000000e+00
656.555828 7.50000000e-01 0.00000000e+00
656.558018 7.50000000e-01 0.00000000e+00
656.560207 7.50000000e-01 0.00000000e+00
656.562396 7.50000000e-01 0.00000000e+00
656.564585 7.50000000e-01 0.00000000e+00
656.566774 7.50000000e-01 0.00000000e+00
656.568963 7.50000000e-01 0.00000000e+00
656.571152 7.50000000e-01 0.00000000e+00
656.573341 7.50000000e-01 0.00000000e+00
656.575530 7.50000000e-01 0.00000000e+00
656.577720 7.50000000e-01 0.00000000e+00
656.579909 7.50000000e-01 0.00000000e+00
656.582098 7.50000000e-01 0.00000000e+00
656.584287 7.50000000e-01 0.00000000e+00
656.586476 7.50000000e-01 0.00000000e+00
656.588665 7.50000000e-01 0.00000000e+00
656.590854 7.50000000e-01 0.00000000e+00
656.593043 7.50000000e-01 0.00000000e+00
656.595232 7.50000000e-01 0.00000000e+00
656.597422 7.50000000e-01 0.00000000e+00
656.599611 7.50000000e-01 0.00000000e+00
656.601800 7.50000000e-01 0.00000000e+00
656.603989 7.50000000e-01 0.00000000e+00
656.606178 7.50000000e-01 0.00000000e+00
656.608367 7.50000000e-01 0.00000000e+00
656.610556 7.50000000e-01 0.00000000e+00
656.612745 7.50000000e-01 0.00000000e+00
656.614935 7.50000000e-01 0.00000000e+00
656.617124 7.50000000e-01 0.00000000e+00
656.619313 7.50000000e-01 0.00000000e+00
656.621502 7.50000000e-01 0.00000000e+00
656.623691 7.50000000e-01 0.00000000e+00
656.625880 7.50000000e-01 0.00000000e+00
656.628069 7.50000000e-01 0.00000000e+00
656.630258 7.50000000e-01 0.00000000e+00
656.632447 7.50000000e-01 0.00000000e+00
656.634637 7.50000000e-01 0.00000000e+00
656.636826 7.50000000e-01 0.00000000e+00
656.639015 7.50000000e-01 0.00000000e+00
656.641204 7.50000000e-01 0.00000000e+00
656.643393 7.50000000e-01 0.00000000e+00
656.645582 7.50000000e-01 0.00000000e+00
656.647771 7.50000000e-01 0.00000000e+00
656.649960 7.50000000e-01 0.00000000e+00
656.652149 7.50000000e-01 0.00000000e+00
656.654339 7.50000000e-01 0.00000000e+00
656.656528 7.50000000e-01 0.00000000e+00
656.658717 7.50000000e-01 0.00000000e+00
656.660906 7.50000000e-01 0.00000000e+00
656.663095 7.50000000e-01 0.00000000e+00
656.665284 7.50000000e-01 0.00000000e+00
656.667473 7.50000000e-01 0.00000000e+00
656.669662 7.50000000e-01 0.00000000e+00
656.671851 7.50000000e-01 0.00000000e+00
656.674041 7.50000000e-01 0.00000000e+00
656.676230 7.50000000e-01 0.00000000e+00
656.678419 7.50000000e-01 0.00000000e+00
656.680608 7.50000000e-01 0.00000000e+00
656.682797 7.50000000e-01 0.00000000e+00
656.684986 7.50000000e-01 0.00000000e+00
656.687175 7.50000000e-01 0.00000000e+00
656.689364 7.50000000e-01 0.00000000e+00
656.691554 7.50000000e-01 0.00000000e+00
656.693743 7.50000000e-01 0.00000000e+00
656.695932 7.50000000e-01 0.00000000e+00
656.698121 7.50000000e-01 0.00000000e+00
656.700310 7.50000000e-01 0.00000000e+00
656.702499 7.50000000e-01 0.00000000e+00
656.704688 7.50000000e-01 0.00000000e+00
656.706877 7.50000000e-01 0.00000000e+00
656.709066 7.50000000e-01 0.00000000e+00
656.711256 7.50000000e-01 0.00000000e+00
656.713445 7.50000000e-01 0.00000000e+00
656.715634 7.50000000e-01 0.00000000e+00
656.717823 7.50000000e-01 0.00000000e+00

# phase_index 3, pol_channel U
655.842177 7.50000000e-01 0.00000000e+00
655.844366 7.50000000e-01 0.00000000e+00
655.846555 7.50000000e-01 0.00000000e+00
655.848744 7.50000000e-01 0.00000000e+00
655.850934 7.50000000e-01 0.00000000e+00
655.853123 7.50000000e-01 0.00000000e+00
655.855312 7.50000000e-01 0.00000000e+00
655.857501 7.50000000e-01 0.00000000e+00
655.859690 7.50000000e-01 0.00000000e+00
655.861879 7.50000000e-01 0.00000000e+00
655.864068 7.50000000e-01 0.00000000e+00
655.866257 7.50000000e-01 0.00000000e+00
655.868446 7.50000000e-01 0.00000000e+00
655.870636 7.50000000e-01 0.00000000e+00
655.872825 7.50000000e-01 0.00000000e+00
655.875014 7.50000000e-01 0.00000000e+00
655.877203 7.50000000e-01 0.00000000e+00
655.879392 7.50000000e-01 0.00000000e+00
655.881581 7.50000000e-01 0.00000000e+00
655.883770 7.50000000e-01 0.00000000e+00
655.885959 7.50000000e-01 0.00000000e+00
655.888149 7.50000000e-01 0.00000000e+00
655.890338 7.50000000e-01 0.00000000e+00
655.892527 7.50000000e-01 0.00000000e+00
655.894716 7.50000000e-01 0.00000000e+00
655.896905 7.50000000e-01 0.00000000e+00
655.899094 7.50000000e-01 0.00000000e+00
655.901283 7.50000000e-01 0.00000000e+00
655.903472 7.50000000e-01 0.00000000e+00
655.905661 7.50000000e-01 0.00000000e+00
655.907851 7.50000000e-01 0.00000000e+00
655.910040 7.50000000e-01 0.00000000e+00
655.912229 7.50000000e-01 0.00000000e+00
655.914418 7.50000000e-01 0.00000000e+00
655.916607 7.50000000e-01 0.00000000e+00
655.918796 7.50000000e-01 0.00000000e+00
655.920985 7.50000000e-01 0.00000000e+00
655.923174 7.50000000e-01 0.00000000e+00
655.925363 7.50000000e-01 0.00000000e+00
655.927553 7.50000000e-01 0.00000000e+00
655.929742 7.50000000e-01 0.00000000e+00
655.931931 7.50000000e-01 0.00000000e+00
655.934120 7.50000000e-01 0.00000000e+00
655.936309 7.50000000e-01 0.00000000e+00
655.938498 7.50000000e-01 0.00000000e+00
655.940687 7.50000000e-01 0.00000000e+00
655.942876 7.50000000e-01 0.00000000e+00
655.945065 7.50000000e-01 0.00000000e+00
655.947255 7.50000000e-01 0.00000000e+00
655.949444 7.50000000e-01 0.00000000e+00
655.951633 7.50000000e-01 0.00000000e+00
655.953822 7.50000000e-01 0.00000000e+00
655.956011 7.50000000e-01 0.00000000e+00
655.958200 7.50000000e-01 0.00000000e+00
655.960389 7.50000000e-01 0.00000000e+00
655.962578 7.50000000e-01 0.00000000e+00
655.964768 7.50000000e-01 0.00000000e+00
655.966957 7.50000000e-01 0.00000000e+00
655.969146 7.50000000e-01 0.00000000e+00
655.971335 7.50000000e-01 0.00000000e+00
655.973524 7.50000000e-01 0.00000000e+00
655.975713 7.50000000e-01 0.00000000e+00
655.977902 7.50000000e-01 0.00000000e+00
655.980091 7.50000000e-01 0.00000000e+00
655.982280 7.50000000e-01 0.00000000e+00
655.984470 7.50000000e-01 0.00000000e+00
655.986659 7.50000000e-01 0.00000000e+00
655.988848 7.50000000e-01 0.00000000e+00
655.991037 7.50000000e-01 0.00000000e+00
655.993226 7.50000000e-01 0.00000000e+00
655.995415 7.50000000e-01 0.00000000e+00
655.997604 7.50000000e-01 0.00000000e+00
655.999793 7.50000000e-01 0.00000000e+00
656.001982 7.50000000e-01 0.00000000e+00
656.004172 7.50000000e-01 0.00000000e+00
656.006361 7.50000000e-01 0.00000000e+00
656.008550 7.50000000e-01 0.00000000e+00
656.010739 7.50000000e-01 0.00000000e+00
656.012928 7.50000000e-01 0.00000000e+00
656.015117 7.50000000e-01 0.00000000e+00
656.017306 7.50000000e-01 0.00000000e+00
656.019495 7.50000000e-01 0.00000000e+00
656.021684 7.50000000e-01 0.00000000e+00
656.023874 7.50000000e-01 0.00000000e+00
656.026063 7.50000000e-01 0.00000000e+00
656.028252 7.50000000e-01 0.00000000e+00
656.030441 7.50000000e-01 0.00000000e+00
656.032630 7.50000000e-01 0.00000000e+00
656.034819 7.50000000e-01 0.00000000e+00
656.037008 7.50000000e-01 0.00000000e+00
656.039197 7.50000000e-01 0.00000000e+00
656.041387 7.50000000e-01 0.00000000e+00
656.043576 7.50000000e-01 0.00000000e+00
656.045765 7.50000000e-01 0.00000000e+00
656.047954 7.50000000e-01 0.00000000e+00
656.050143 7.50000000e-01 0.00000000e+00
656.052332 7.50000000e-01 0.00000000e+00
656.054521 7.50000000e-01 0.00000000e+00
656.056710 7.50000000e-01 0.00000000e+00
656.058899 7.50000000e-01 0.00000000e+00
656.061089 7.50000000e-01 0.00000000e+00
656.063278 7.50000000e-01 0.00000000e+00
656.065467 7.50000000e-01 0.00000000e+00
656.067656 7.50000000e-01 0.00000000e+00
656.069845 7.50000000e-01 0.00000000e+00
656.072034 7.50000000e-01 0.00000000e+00
656.074223 7.50000000e-01 0.00000000e+00
656.076412 7.50000000e-01 0.00000000e+00
656.078601 7.50000000e-01 0.00000000e+00
656.080791 7.50000000e-01 0.00000000e+00
656.082980 7.50000000e-01 0.00000000e+00
656.085169 7.50000000e-01 0.00000000e+00
656.087358 7.50000000e-01 0.00000000e+00
656.089547 7.50000000e-01 0.00000000e+00
656.091736 7.50000000e-01 0.00000000e+00
656.093925 7.50000000e-01 0.00000000e+00
656.096114 7.50000000e-01 0.00000000e+00
656.098304 7.50000000e-01 0.00000000e+00
656.100493 7.50000000e-01 0.00000000e+00
656.102682 7.50000000e-01 0.00000000e+00
656.104871 7.50000000e-01 0.00000000e+00
656.107060 7.50000000e-01 0.00000000e+00
656.109249 7.50000000e-01 0.00000000e+00
656.111438 7.50000000e-01 0.00000000e+00
656.113627 7.50000000e-01 0.00000000e+00
656.115816 7.50000000e-01 0.00000000e+00
656.118006 7.50000000e-01 0.00000000e+00
656.120195 7.50000000e-01 0.00000000e+00
656.122384 7.50000000e-01 0.00000000e+00
656.124573 7.50000000e-01 0.00000000e+00
656.126762 7.50000000e-01 0.00000000e+00
656.128951 7.50000000e-01 0.00000000e+00
656.131140 7.50000000e-01 0.00000000e+00
656.133329 7.50000000e-01 0.00000000e+00
656.135518 7.50000000e-01 0.00000000e+00
656.137708 7.50000000e-01 0.00000000e+00
656.139897 7.50000000e-01 0.00000000e+00
656.142086 7.50000000e-01 0.00000000e+00
656.144275 7.50000000e-01 0.00000000e+00
656.146464 7.50000000e-01 0.00000000e+00
656.148653 7.50000000e-01 0.00000000e+00
656.150842 7.50000000e-01 0.00000000e+00
656.153031 7.50000000e-01 0.00000000e+00
656.155220 7.50000000e-01 0.00000000e+00
656.157410 7.50000000e-01 0.00000000e+00
656.159599 7.50000000e-01 0.00000000e+00
656.161788 7.50000000e-01 0.00000000e+00
656.163977 7.50000000e-01 0.00000000e+00
656.166166 7.50000000e-01 0.00000000e+00
656.168355 7.50000000e-01 0.00000000e+00
656.170544 7.50000000e-01 0.00000000e+00
656.172733 7.50000000e-01 0.00000000e+00
656.174923 7.50000000e-01 0.00000000e+00
656.177112 7.50000000e-01 0.00000000e+00
656.179301 7.50000000e-01 0.00000000e+00
656.181490 7.50000000e-01 0.00000000e+00
656.183679 7.50000000e-01 0.00000000e+00
656.185868 7.50000000e-01 0.00000000e+00
656.188057 7.50000000e-01 0.00000000e+00
656.190246 7.50000000e-01 0.00000000e+00
656.192435 7.50000000e-01 0.00000000e+00
656.194625 7.50000000e-01 0.00000000e+00
656.196814 7.50000000e-01 0.00000000e+00
656.199003 7.50000000e-01 0.00000000e+00
656.201192 7.50000000e-01 0.00000000e+00
656.203381 7.50000000e-01 0.00000000e+00
656.205570 7.50000000e-01 0.00000000e+00
656.207759 7.50000000e-01 0.00000000e+00
656.209948 7.50000000e-01 0.00000000e+00
656.212137 7.50000000e-01 0.00000000e+00
656.214327 7.50000000e-01 0.00000000e+00
656.216516 7.50000000e-01 0.00000000e+00
656.218705 7.50000000e-01 0.00000000e+00
656.220894 7.50000000e-01 0.00000000e+00
656.223083 7.50000000e-01 0.00000000e+00
656.225272 7.50000000e-01 0.00000000e+00
656.227461 7.50000000e-01 0.00000000e+00
656.229650 7.50000000e-01 0.00000000e+00
656.231839 7.50000000e-01 0.00000000e+00
656.234029 7.50000000e-01 0.00000000e+00
656.236218 7.50000000e-01 0.00000000e+00
656.238407 7.50000000e-01 0.00000000e+00
656.240596 7.50000000e-01 0.00000000e+00
656.242785 7.50000000e-01 0.00000000e+00
656.244974 7.50000000e-01 0.00000000e+00
656.247163 7.50000000e-01 0.00000000e+00
656.249352 7.50000000e-01 0.00000000e+00
656.251542 7.50000000e-01 0.00000000e+00
656.253731 7.50000000e-01 0.00000000e+00
656.255920 7.50000000e-01 0.00000000e+00
656.258109 7.50000000e-01 0.00000000e+00
656.260298 7.50000000e-01 0.00000000e+00
656.262487 7.50000000e-01 0.00000000e+00
656.264676 7.50000000e-01 0.00000000e+00
656.266865 7.50000000e-01 0.00000000e+00
656.269054 7.50000000e-01 0.00000000e+00
656.271244 7.50000000e-01 0.00000000e+00
656.273433 7.50000000e-01 0.00000000e+00
656.275622 7.50000000e-01 0.00000000e+00
656.277811 7.50000000e-01 0.00000000e+00
656.280000 7.50000000e-01 0.00000000e+00
656.282189 7.50000000e-01 0.00000000e+00
656.284378 7.50000000e-01 0.00000000e+00
656.286567 7.50000000e-01 0.00000000e+00
656.288756 7.50000000e-01 0.00000000e+00
656.290946 7.50000000e-01 0.00000000e+00
656.293135 7.50000000e-01 0.00000000e+00
656.295324 7.50000000e-01 0.00000000e+00
656.297513 7.50000000e-01 0.00000000e+00
656.299702 7.50000000e-01 0.00000000e+00
656.301891 7.50000000e-01 0.00000000e+00
656.304080 7.50000000e-01 0.00000000e+00
656.306269 7.50000000e-01 0.00000000e+00
656.308458 7.50000000e-01 0.00000000e+00
656.310648 7.50000000e-01 0.00000000e+00
656.312837 7.50000000e-01 0.00000000e+00
656.315026 7.50000000e-01 0.00000000e+00
656.317215 7.50000000e-01 0.00000000e+00
656.319404 7.50000000e-01 0.00000000e+00
656.321593 7.50000000e-01 0.00000000e+00
656.323782 7.50000000e-01 0.00000000e+00
656.325971 7.50000000e-01 0.00000000e+00
656.328161 7.50000000e-01 0.00000000e+00
656.330350 7.50000000e-01 0.00000000e+00
656.332539 7.50000000e-01 0.00000000e+00
656.334728 7.50000000e-01 0.00000000e+00
656.336917 7.50000000e-01 0.00000000e+00
656.339106 7.50000000e-01 0.00000000e+00
656.341295 7.50000000e-01 0.00000000e+00
656.343484 7.50000000e-01 0.00000000e+00
656.345673 7.50000000e-01 0.00000000e+00
656.347863 7.50000000e-01 0.00000000e+00
656.350052 7.50000000e-01 0.00000000e+00
656.352241 7.50000000e-01 0.00000000e+00
656.354430 7.50000000e-01 0.00000000e+00
656.356619 7.50000000e-01 0.00000000e+00
656.358808 7.50000000e-01 0.00000000e+00
656.360997 7.50000000e-01 0.00000000e+00
656.363186 7.50000000e-01 0.00000000e+00
656.365375 7.50000000e-01 0.00000000e+00
656.367565 7.50000000e-01 0.00000000e+00
656.369754 7.50000000e-01 0.00000000e+00
656.371943 7.50000000e-01 0.00000000e+00
656.374132 7.50000000e-01 0.00000000e+00
656.376321 7.50000000e-01 0.00000000e+00
656.378510 7.50000000e-01 0.00000000e+00
656.380699 7.50000000e-01 0.00000000e+00
656.382888 7.50000000e-01 0.00000000e+00
656.385077 7.50000000e-01 0.00000000e+00
656.387267 7.50000000e-01 0.00000000e+00
656.389456 7.50000000e-01 0.00000000e+00
656.391645 7.50000000e-01 0.00000000e+00
656.393834 7.50000000e-01 0.00000000e+00
656.396023 7.50000000e-01 0.00000000e+00
656.398212 7.50000000e-01 0.00000000e+00
656.400401 7.50000000e-01 0.00000000e+00
656.402590 7.50000000e-01 0.00000000e+00
656.404780 7.50000000e-01 0.00000000e+00
656.406969 7.50000000e-01 0.00000000e+00
656.409158 7.50000000e-01 0.00000000e+00
656.411347 7.50000000e-01 0.00000000e+00
656.413536 7.50000000e-01 0.00000000e+00
656.415725 7.50000000e-01 0.00000000e+00
656.417914 7.50000000e-01 0.00000000e+00
656.420103 7.50000000e-01 0.00000000e+00
656.422292 7.50000000e-01 0.00000000e+00
656.424482 7.50000000e-01 0.00000000e+00
656.426671 7.50000000e-01 0.00000000e+00
656.428860 7.50000000e-01 0.00000000e+00
656.431049 7.50000000e-01 0.00000000e+00
656.433238 7.50000000e-01 0.00000000e+00
656.435427 7.50000000e-01 0.00000000e+00
656.437616 7.50000000e-01 0.00000000e+00
656.439805 7.50000000e-01 0.00000000e+00
656.441994 7.50000000e-01 0.00000000e+00
656.444184 7.50000000e-01 0.00000000e+00
656.446373 7.50000000e-01 0.00000000e+00
656.448562 7.50000000e-01 0.00000000e+00
656.450751 7.50000000e-01 0.00000000e+00
656.452940 7.50000000e-01 0.00000000e+00
656.455129 7.50000000e-01 0.00000000e+00
656.457318 7.50000000e-01 0.00000000e+00
656.459507 7.50000000e-01 0.00000000e+00
656.461696 7.50000000e-01 0.00000000e+00
656.463886 7.50000000e-01 0.00000000e+00
656.466075 7.50000000e-01 0.00000000e+00
656.468264 7.50000000e-01 0.00000000e+00
656.470453 7.50000000e-01 0.00000000e+00
656.472642 7.50000000e-01 0.00000000e+00
656.474831 7.50000000e-01 0.00000000e+00
656.477020 7.50000000e-01 0.00000000e+00
656.479209 7.50000000e-01 0.00000000e+00
656.481399 7.50000000e-01 0.00000000e+00
656.483588 7.50000000e-01 0.00000000e+00
656.485777 7.50000000e-01 0.00000000e+00
656.487966 7.50000000e-01 0.00000000e+00
656.490155 7.50000000e-01 0.00000000e+00
656.492344 7.50000000e-01 0.00000000e+00
656.494533 7.50000000e-01 0.00000000e+00
656.496722 7.50000000e-01 0.00000000e+00
656.498911 7.50000000e-01 0.00000000e+00
656.501101 7.50000000e-01 0.00000000e+00
656.503290 7.50000000e-01 0.00000000e+00
656.505479 7.50000000e-01 0.00000000e+00
656.507668 7.50000000e-01 0.00000000e+00
656.509857 7.50000000e-01 0.00000000e+00
656.512046 7.50000000e-01 0.00000000e+00
656.514235 7.50000000e-01 0.00000000e+00
656.516424 7.50000000e-01 0.00000000e+00
656.518613 7.50000000e-01 0.00000000e+00
656.520803 7.50000000e-01 0.00000000e+00
656.522992 7.50000000e-01 0.00000000e+00
656.525181 7.50000000e-01 0.00000000e+00
656.527370 7.50000000e-01 0.00000000e+00
656.529559 7.50000000e-01 0.00000000e+00
656.531748 7.50000000e-01 0.00000000e+00
656.533937 7.50000000e-01 0.00000000e+00
656.536126 7.50000000e-01 0.00000000e+00
656.538316 7.50000000e-01 0.00000000e+00
656.540505 7.50000000e-01 0.00000000e+00
656.542694 7.50000000e-01 0.00000000e+00
656.544883 7.50000000e-01 0.00000000e+00
656.547072 7.50000000e-01 0.00000000e+00
656.549261 7.50000000e-01 0.00000000e+00
656.551450 7.50000000e-01 0.00000000e+00
656.553639 7.50000000e-01 0.00000000e+00
656.555828 7.50000000e-01 0.00000000e+00
656.558018 7.50000000e-01 0.00000000e+00
656.560207 7.50000000e-01 0.00000000e+00
656.562396 7.50000000e-01 0.00000000e+00
656.564585 7.50000000e-01 0.00000000e+00
656.566774 7.50000000e-01 0.00000000e+00
656.568963 7.50000000e-01 0.00000000e+00
656.571152 7.50000000e-01 0.00000000e+00
656.573341 7.50000000e-01 0.00000000e+00
656.575530 7.50000000e-01 0.00000000e+00
656.577720 7.50000000e-01 0.00000000e+00
656.579909 7.50000000e-01 0.00000000e+00
656.582098 7.50000000e-01 0.00000000e+00
656.584287 7.50000000e-01 0.00000000e+00
656.586476 7.50000000e-01 0.00000000e+00
656.588665 7.50000000e-01 0.00000000e+00
656.590854 7.50000000e-01 0.00000000e+00
656.593043 7.50000000e-01 0.00000000e+00
656.595232 7.50000000e-01 0.00000000e+00
656.597422 7.50000000e-01 0.00000000e+00
656.599611 7.50000000e-01 0.00000000e+00
656.601800 7.50000000e-01 0.00000000e+00
656.603989 7.50000000e-01 0.00000000e+00
656.606178 7.50000000e-01 0.00000000e+00
656.608367 7.50000000e-01 0.00000000e+00
656.610556 7.50000000e-01 0.00000000e+00
656.612745 7.50000000e-01 0.00000000e+00
656.614935 7.50000000e-01 0.00000000e+00
656.617124 7.50000000e-01 0.00000000e+00
656.619313 7.50000000e-01 0.00000000e+00
656.621502 7.50000000e-01 0.00000000e+00
656.623691 7.50000000e-01 0.00000000e+00
656.625880 7.50000000e-01 0.00000000e+00
656.628069 7.50000000e-01 0.00000000e+00
656.630258 7.50000000e-01 0.00000000e+00
656.632447 7.50000000e-01 0.00000000e+00
656.634637 7.50000000e-01 0.00000000e+00
656.636826 7.50000000e-01 0.00000000e+00
656.639015 7.50000000e-01 0.00000000e+00
656.641204 7.50000000e-01 0.00000000e+00
656.643393 7.50000000e-01 0.00000000e+00
656.645582 7.50000000e-01 0.00000000e+00
656.647771 7.50000000e-01 0.00000000e+00
656.649960 7.50000000e-01 0.00000000e+00
656.652149 7.50000000e-01 0.00000000e+00
656.654339 7.50000000e-01 0.00000000e+00
656.656528 7.50000000e-01 0.00000000e+00
656.658717 7.50000000e-01 0.00000000e+00
656.660906 7.50000000e-01 0.00000000e+00
656.663095 7.50000000e-01 0.00000000e+00
656.665284 7.50000000e-01 0.00000000e+00
656.667473 7.50000000e-01 0.00000000e+00
656.669662 7.50000000e-01 0.00000000e+00
656.671851 7.50000000e-01 0.00000000e+00
656.674041 7.50000000e-01 0.00000000e+00
656.676230 7.50000000e-01 0.00000000e+00
656.678419 7.50000000e-01 0.00000000e+00
656.680608 7.50000000e-01 0.00000000e+00
656.682797 7.50000000e-01 0.00000000e+00
656.684986 7.50000000e-01 0.00000000e+00
656.687175 7.50000000e-01 0.00000000e+00
656.689364 7.50000000e-01 0.00000000e+00
656.691554 7.50000000e-01 0.00000000e+00
656.693743 7.50000000e-01 0.00000000e+00
656.695932 7.50000000e-01 0.00000000e+00
656.698121 7.50000000e-01 0.00000000e+00
656.700310 7.50000000e-01 0.00000000e+00
656.702499 7.50000000e-01 0.00000000e+00
656.704688 7.50000000e-01 0.00000000e+00
656.706877 7.50000000e-01 0.00000000e+00
656.709066 7.50000000e-01 0.00000000e+00
656.711256 7.50000000e-01 0.00000000e+00
656.713445 7.50000000e-01 0.00000000e+00
656.715634 7.50000000e-01 0.00000000e+00
656.717823 7.50000000e-01 0.00000000e+00

# phase_index 4, pol_channel V
655.842177 7.50000000e-01 0.00000000e+00
655.844366 7.50000000e-01 0.00000000e+00
655.846555 7.50000000e-01 0.00000000e+00
655.848744 7.50000000e-01 0.00000000e+00
655.850934 7.50000000e-01 0.00000000e+00
655.853123 7.50000000e-01 0.00000000e+00
655.855312 7.50000000e-01 0.00000000e+00
655.857501 7.50000000e-01 0.00000000e+00
655.859690 7.50000000e-01 0.00000000e+00
655.861879 7.50000000e-01 0.00000000e+00
655.864068 7.50000000e-01 0.00000000e+00
655.866257 7.50000000e-01 0.00000000e+00
655.868446 7.50000000e-01 0.00000000e+00
655.870636 7.50000000e-01 0.00000000e+00
655.872825 7.50000000e-01 0.00000000e+00
655.875014 7.50000000e-01 0.00000000e+00
655.877203 7.50000000e-01 0.00000000e+00
655.879392 7.50000000e-01 0.00000000e+00
655.881581 7.50000000e-01 0.00000000e+00
655.883770 7.50000000e-01 0.00000000e+00
655.885959 7.50000000e-01 0.00000000e+00
655.888149 7.50000000e-01 0.00000000e+00
655.890338 7.50000000e-01 0.00000000e+00
655.892527 7.50000000e-01 0.00000000e+00
655.894716 7.50000000e-01 0.00000000e+00
655.896905 7.50000000e-01 0.00000000e+00
655.899094 7.50000000e-01 0.00000000e+00
655.901283 7.50000000e-01 0.00000000e+00
655.903472 7.50000000e-01 0.00000000e+00
655.905661 7.50000000e-01 0.00000000e+00
655.907851 7.50000000e-01 0.00000000e+00
655.910040 7.50000000e-01 0.00000000e+00
655.912229 7.50000000e-01 0.00000000e+00
655.914418 7.50000000e-01 0.00000000e+00
655.916607 7.50000000e-01 0.00000000e+00
655.918796 7.50000000e-01 0.00000000e+00
655.920985 7.50000000e-01 0.00000000e+00
655.923174 7.50000000e-01 0.00000000e+00
655.925363 7.50000000e-01 0.00000000e+00
655.927553 7.50000000e-01 0.00000000e+00
655.929742 7.50000000e-01 0.00000000e+00
655.931931 7.50000000e-01 0.00000000e+00
655.934120 7.50000000e-01 0.00000000e+00
655.936309 7.50000000e-01 0.00000000e+00
655.938498 7.50000000e-01 0.00000000e+00
655.940687 7.50000000e-01 0.00000000e+00
655.942876 7.50000000e-01 0.00000000e+00
655.945065 7.50000000e-01 0.00000000e+00
655.947255 7.50000000e-01 0.00000000e+00
655.949444 7.50000000e-01 0.00000000e+00
655.951633 7.50000000e-01 0.00000000e+00
655.953822 7.50000000e-01 0.00000000e+00
655.956011 7.50000000e-01 0.00000000e+00
655.958200 7.50000000e-01 0.00000000e+00
655.960389 7.50000000e-01 0.00000000e+00
655.962578 7.50000000e-01 0.00000000e+00
655.964768 7.50000000e-01 0.00000000e+00
655.966957 7.50000000e-01 0.00000000e+00
655.969146 7.50000000e-01 0.00000000e+00
655.971335 7.50000000e-01 0.00000000e+00
655.973524 7.50000000e-01 0.00000000e+00
655.975713 7.50000000e-01 0.00000000e+00
655.977902 7.50000000e-01 0.00000000e+00
655.980091 7.50000000e-01 0.00000000e+00
655.982280 7.50000000e-01 0.00000000e+00
655.984470 7.50000000e-01 0.00000000e+00
655.986659 7.50000000e-01 0.00000000e+00
655.988848 7.50000000e-01 0.00000000e+00
655.991037 7.50000000e-01 0.00000000e+00
655.993226 7.50000000e-01 0.00000000e+00
655.995415 7.50000000e-01 0.00000000e+00
655.997604 7.50000000e-01 0.00000000e+00
655.999793 7.50000000e-01 0.00000000e+00
656.001982 7.50000000e-01 0.00000000e+00
656.004172 7.50000000e-01 0.00000000e+00
656.006361 7.50000000e-01 0.00000000e+00
656.008550 7.50000000e-01 0.00000000e+00
656.010739 7.50000000e-01 0.00000000e+00
656.012928 7.50000000e-01 0.00000000e+00
656.015117 7.50000000e-01 0.00000000e+00
656.017306 7.50000000e-01 0.00000000e+00
656.019495 7.50000000e-01 0.00000000e+00
656.021684 7.50000000e-01 0.00000000e+00
656.023874 7.50000000e-01 0.00000000e+00
656.026063 7.50000000e-01 0.00000000e+00
656.028252 7.50000000e-01 0.00000000e+00
656.030441 7.50000000e-01 0.00000000e+00
656.032630 7.50000000e-01 0.00000000e+00
656.034819 7.50000000e-01 0.00000000e+00
656.037008 7.50000000e-01 0.00000000e+00
656.039197 7.50000000e-01 0.00000000e+00
656.041387 7.50000000e-01 0.00000000e+00
656.043576 7.50000000e-01 0.00000000e+00
656.045765 7.50000000e-01 0.00000000e+00
656.047954 7.50000000e-01 0.00000000e+00
656.050143 7.50000000e-01 0.00000000e+00
656.052332 7.50000000e-01 0.00000000e+00
656.054521 7.50000000e-01 0.00000000e+00
656.056710 7.50000000e-01 0.00000000e+00
656.058899 7.50000000e-01 0.00000000e+00
656.061089 7.50000000e-01 0.00000000e+00
656.063278 7.50000000e-01 0.00000000e+00
656.065467 7.50000000e-01 0.00000000e+00
656.067656 7.50000000e-01 0.00000000e+00
656.069845 7.50000000e-01 0.00000000e+00
656.072034 7.50000000e-01 0.00000000e+00
656.074223 7.50000000e-01 0.00000000e+00
656.076412 7.50000000e-01 0.00000000e+00
656.078601 7.50000000e-01 0.00000000e+00
656.080791 7.50000000e-01 0.00000000e+00
656.082980 7.50000000e-01 0.00000000e+00
656.085169 7.50000000e-01 0.00000000e+00
656.087358 7.50000000e-01 0.00000000e+00
656.089547 7.50000000e-01 0.00000000e+00
656.091736 7.50000000e-01 0.00000000e+00
656.093925 7.50000000e-01 0.00000000e+00
656.096114 7.50000000e-01 0.00000000e+00
656.098304 7.50000000e-01 0.00000000e+00
656.100493 7.50000000e-01 0.00000000e+00
656.102682 7.50000000e-01 0.00000000e+00
656.104871 7.50000000e-01 0.00000000e+00
656.107060 7.50000000e-01 0.00000000e+00
656.109249 7.50000000e-01 0.00000000e+00
656.111438 7.50000000e-01 0.00000000e+00
656.113627 7.50000000e-01 0.00000000e+00
656.115816 7.50000000e-01 0.00000000e+00
656.118006 7.50000000e-01 0.00000000e+00
656.120195 7.50000000e-01 0.00000000e+00
656.122384 7.50000000e-01 0.00000000e+00
656.124573 7.50000000e-01 0.00000000e+00
656.126762 7.50000000e-01 0.00000000e+00
656.128951 7.50000000e-01 0.00000000e+00
656.131140 7.50000000e-01 0.00000000e+00
656.133329 7.50000000e-01 0.00000000e+00
656.135518 7.50000000e-01 0.00000000e+00
656.137708 7.50000000e-01 0.00000000e+00
656.139897 7.50000000e-01 0.00000000e+00
656.142086 7.50000000e-01 0.00000000e+00
656.144275 7.50000000e-01 0.00000000e+00
656.146464 7.50000000e-01 0.00000000e+00
656.148653 7.50000000e-01 0.00000000e+00
656.150842 7.50000000e-01 0.00000000e+00
656.153031 7.50000000e-01 0.00000000e+00
656.155220 7.50000000e-01 0.00000000e+00
656.157410 7.50000000e-01 0.00000000e+00
656.159599 7.50000000e-01 0.00000000e+00
656.161788 7.50000000e-01 0.00000000e+00
656.163977 7.50000000e-01 0.00000000e+00
656.166166 7.50000000e-01 0.00000000e+00
656.168355 7.50000000e-01 0.00000000e+00
656.170544 7.50000000e-01 0.00000000e+00
656.172733 7.50000000e-01 0.00000000e+00
656.174923 7.50000000e-01 0.00000000e+00
656.177112 7.50000000e-01 0.00000000e+00
656.179301 7.50000000e-01 0.00000000e+00
656.181490 7.50000000e-01 0.00000000e+00
656.183679 7.50000000e-01 0.00000000e+00
656.185868 7.50000000e-01 0.00000000e+00
656.188057 7.50000000e-01 0.00000000e+00
656.190246 7.50000000e-01 0.00000000e+00
656.192435 7.50000000e-01 0.00000000e+00
656.194625 7.50000000e-01 0.00000000e+00
656.196814 7.50000000e-01 0.00000000e+00
656.199003 7.50000000e-01 0.00000000e+00
656.201192 7.50000000e-01 0.00000000e+00
656.203381 7.50000000e-01 0.00000000e+00
656.205570 7.50000000e-01 0.00000000e+00
656.207759 7.50000000e-01 0.00000000e+00
656.209948 7.50000000e-01 0.00000000e+00
656.212137 7.50000000e-01 0.00000000e+00
656.214327 7.50000000e-01 0.00000000e+00
656.216516 7.50000000e-01 0.00000000e+00
656.218705 7.50000000e-01 0.00000000e+00
656.220894 7.50000000e-01 0.00000000e+00
656.223083 7.50000000e-01 0.00000000e+00
656.225272 7.50000000e-01 0.00000000e+00
656.227461 7.50000000e-01 0.00000000e+00
656.229650 7.50000000e-01 0.00000000e+00
656.231839 7.50000000e-01 0.00000000e+00
656.234029 7.50000000e-01 0.00000000e+00
656.236218 7.50000000e-01 0.00000000e+00
656.238407 7.50000000e-01 0.00000000e+00
656.240596 7.50000000e-01 0.00000000e+00
656.242785 7.50000000e-01 0.00000000e+00
656.244974 7.50000000e-01 0.00000000e+00
656.247163 7.50000000e-01 0.00000000e+00
656.249352 7.50000000e-01 0.00000000e+00
656.251542 7.50000000e-01 0.00000000e+00
656.253731 7.50000000e-01 0.00000000e+00
656.255920 7.50000000e-01 0.00000000e+00
656.258109 7.50000000e-01 0.00000000e+00
656.260298 7.50000000e-01 0.00000000e+00
656.262487 7.50000000e-01 0.00000000e+00
656.264676 7.50000000e-01 0.00000000e+00
656.266865 7.50000000e-01 0.00000000e+00
656.269054 7.50000000e-01 0.00000000e+00
656.271244 7.50000000e-01 0.00000000e+00
656.273433 7.50000000e-01 0.00000000e+00
656.275622 7.50000000e-01 0.00000000e+00
656.277811 7.50000000e-01 0.00000000e+00
656.280000 7.50000000e-01 0.00000000e+00
656.282189 7.50000000e-01 0.00000000e+00
656.284378 7.50000000e-01 0.00000000e+00
656.286567 7.50000000e-01 0.00000000e+00
656.288756 7.50000000e-01 0.00000000e+00
656.290946 7.50000000e-01 0.00000000e+00
656.293135 7.50000000e-01 0.00000000e+00
656.295324 7.50000000e-01 0.00000000e+00
656.297513 7.50000000e-01 0.00000000e+00
656.299702 7.50000000e-01 0.00000000e+00
656.301891 7.50000000e-01 0.00000000e+00
656.304080 7.50000000e-01 0.00000000e+00
656.306269 7.50000000e-01 0.00000000e+00
656.308458 7.50000000e-01 0.00000000e+00
656.310648 7.50000000e-01 0.00000000e+00
656.312837 7.50000000e-01 0.00000000e+00
656.315026 7.50000000e-01 0.00000000e+00
656.317215 7.50000000e-01 0.00000000e+00
656.319404 7.50000000e-01 0.00000000e+00
656.321593 7.50000000e-01 0.00000000e+00
656.323782 7.50000000e-01 0.00000000e+00
656.325971 7.50000000e-01 0.00000000e+00
656.328161 7.50000000e-01 0.00000000e+00
656.330350 7.50000000e-01 0.00000000e+00
656.332539 7.50000000e-01 0.00000000e+00
656.334728 7.50000000e-01 0.00000000e+00
656.336917 7.50000000e-01 0.00000000e+00
656.339106 7.50000000e-01 0.00000000e+00
656.341295 7.50000000e-01 0.00000000e+00
656.343484 7.50000000e-01 0.00000000e+00
656.345673 7.50000000e-01 0.00000000e+00
656.347863 7.50000000e-01 0.00000000e+00
656.350052 7.50000000e-01 0.00000000e+00
656.352241 7.50000000e-01 0.00000000e+00
656.354430 7.50000000e-01 0.00000000e+00
656.356619 7.50000000e-01 0.00000000e+00
656.358808 7.50000000e-01 0.00000000e+00
656.360997 7.50000000e-01 0.00000000e+00
656.363186 7.50000000e-01 0.00000000e+00
656.365375 7.50000000e-01 0.00000000e+00
656.367565 7.50000000e-01 0.00000000e+00
656.369754 7.50000000e-01 0.00000000e+00
656.371943 7.50000000e-01 0.00000000e+00
656.374132 7.50000000e-01 0.00000000e+00
656.376321 7.50000000e-01 0.00000000e+00
656.378510 7.50000000e-01 0.00000000e+00
656.380699 7.50000000e-01 0.00000000e+00
656.382888 7.50000000e-01 0.00000000e+00
656.385077 7.50000000e-01 0.00000000e+00
656.387267 7.50000000e-01 0.00000000e+00
656.389456 7.50000000e-01 0.00000000e+00
656.391645 7.50000000e-01 0.00000000e+00
656.393834 7.50000000e-01 0.00000000e+00
656.396023 7.50000000e-01 0.00000000e+00
656.398212 7.50000000e-01 0.00000000e+00
656.400401 7.50000000e-01 0.00000000e+00
656.402590 7.50000000e-01 0.00000000e+00
656.404780 7.50000000e-01 0.00000000e+00
656.406969 7.50000000e-01 0.00000000e+00
656.409158 7.50000000e-01 0.00000000e+00
656.411347 7.50000000e-01 0.00000000e+00
656.413536 7.50000000e-01 0.00000000e+00
656.415725 7.50000000e-01 0.00000000e+00
656.417914 7.50000000e-01 0.00000000e+00
656.420103 7.50000000e-01 0.00000000e+00
656.422292 7.50000000e-01 0.00000000e+00
656.424482 7.50000000e-01 0.00000000e+00
656.426671 7.50000000e-01 0.00000000e+00
656.428860 7.50000000e-01 0.00000000e+00
656.431049 7.50000000e-01 0.00000000e+00
656.433238 7.50000000e-01 0.00000000e+00
656.435427 7.50000000e-01 0.00000000e+00
656.437616 7.50000000e-01 0.00000000e+00
656.439805 7.50000000e-01 0.00000000e+00
656.441994 7.50000000e-01 0.00000000e+00
656.444184 7.50000000e-01 0.00000000e+00
656.446373 7.50000000e-01 0.00000000e+00
656.448562 7.50000000e-01 0.00000000e+00
656.450751 7.50000000e-01 0.00000000e+00
656.452940 7.50000000e-01 0.00000000e+00
656.455129 7.50000000e-01 0.00000000e+00
656.457318 7.50000000e-01 0.00000000e+00
656.459507 7.50000000e-01 0.00000000e+00
656.461696 7.50000000e-01 0.00000000e+00
656.463886 7.50000000e-01 0.00000000e+00
656.466075 7.50000000e-01 0.00000000e+00
656.468264 7.50000000e-01 0.00000000e+00
656.470453 7.50000000e-01 0.00000000e+00
656.472642 7.50000000e-01 0.00000000e+00
656.474831 7.50000000e-01 0.00000000e+00
656.477020 7.50000000e-01 0.00000000e+00
656.479209 7.50000000e-01 0.00000000e+00
656.481399 7.50000000e-01 0.00000000e+00
656.483588 7.50000000e-01 0.00000000e+00
656.485777 7.50000000e-01 0.00000000e+00
656.487966 7.50000000e-01 0.00000000e+00
656.490155 7.50000000e-01 0.00000000e+00
656.492344 7.50000000e-01 0.00000000e+00
656.494533 7.50000000e-01 0.00000000e+00
656.496722 7.50000000e-01 0.00000000e+00
656.498911 7.50000000e-01 0.00000000e+00
656.501101 7.50000000e-01 0.00000000e+00
656.503290 7.50000000e-01 0.00000000e+00
656.505479 7.50000000e-01 0.00000000e+00
656.507668 7.50000000e-01 0.00000000e+00
656.509857 7.50000000e-01 0.00000000e+00
656.512046 7.50000000e-01 0.00000000e+00
656.514235 7.50000000e-01 0.00000000e+00
656.516424 7.50000000e-01 0.00000000e+00
656.518613 7.50000000e-01 0.00000000e+00
656.520803 7.50000000e-01 0.00000000e+00
656.522992 7.50000000e-01 0.00000000e+00
656.525181 7.50000000e-01 0.00000000e+00
656.527370 7.50000000e-01 0.00000000e+00
656.529559 7.50000000e-01 0.00000000e+00
656.531748 7.50000000e-01 0.00000000e+00
656.533937 7.50000000e-01 0.00000000e+00
656.536126 7.50000000e-01 0.00000000e+00
656.538316 7.50000000e-01 0.00000000e+00
656.540505 7.50000000e-01 0.00000000e+00
656.542694 7.50000000e-01 0.00000000e+00
656.544883 7.50000000e-01 0.00000000e+00
656.547072 7.50000000e-01 0.00000000e+00
656.549261 7.50000000e-01 0.00000000e+00
656.551450 7.50000000e-01 0.00000000e+00
656.553639 7.50000000e-01 0.00000000e+00
656.555828 7.50000000e-01 0.00000000e+00
656.558018 7.50000000e-01 0.00000000e+00
656.560207 7.50000000e-01 0.00000000e+00
656.562396 7.50000000e-01 0.00000000e+00
656.564585 7.50000000e-01 0.00000000e+00
656.566774 7.50000000e-01 0.00000000e+00
656.568963 7.50000000e-01 0.00000000e+00
656.571152 7.50000000e-01 0.00000000e+00
656.573341 7.50000000e-01 0.00000000e+00
656.575530 7.50000000e-01 0.00000000e+00
656.577720 7.50000000e-01 0.00000000e+00
656.579909 7.50000000e-01 0.00000000e+00
656.582098 7.50000000e-01 0.00000000e+00
656.584287 7.50000000e-01 0.00000000e+00
656.586476 7.50000000e-01 0.00000000e+00
656.588665 7.50000000e-01 0.00000000e+00
656.590854 7.50000000e-01 0.00000000e+00
656.593043 7.50000000e-01 0.00000000e+00
656.595232 7.50000000e-01 0.00000000e+00
656.597422 7.50000000e-01 0.00000000e+00
656.599611 7.50000000e-01 0.00000000e+00
656.601800 7.50000000e-01 0.00000000e+00
656.603989 7.50000000e-01 0.00000000e+00
656.606178 7.50000000e-01 0.00000000e+00
656.608367 7.50000000e-01 0.00000000e+00
656.610556 7.50000000e-01 0.00000000e+00
656.612745 7.50000000e-01 0.00000000e+00
656.614935 7.50000000e-01 0.00000000e+00
656.617124 7.50000000e-01 0.00000000e+00
656.619313 7.50000000e-01 0.00000000e+00
656.621502 7.50000000e-01 0.00000000e+00
656.623691 7.50000000e-01 0.00000000e+00
656.625880 7.50000000e-01 0.00000000e+00
656.628069 7.50000000e-01 0.00000000e+00
656.630258 7.50000000e-01 0.00000000e+00
656.632447 7.50000000e-01 0.00000000e+00
656.634637 7.50000000e-01 0.00000000e+00
656.636826 7.50000000e-01 0.00000000e+00
656.639015 7.50000000e-01 0.00000000e+00
656.641204 7.50000000e-01 0.00000000e+00
656.643393 7.50000000e-01 0.00000000e+00
656.645582 7.50000000e-01 0.00000000e+00
656.647771 7.50000000e-01 0.00000000e+00
656.649960 7.50000000e-01 0.00000000e+00
656.652149 7.50000000e-01 0.00000000e+00
656.654339 7.50000000e-01 0.00000000e+00
656.656528 7.50000000e-01 0.00000000e+00
656.658717 7.50000000e-01 0.00000000e+00
656.660906 7.50000000e-01 0.00000000e+00
656.663095 7.50000000e-01 0.00000000e+00
656.665284 7.50000000e-01 0.00000000e+00
656.667473 7.50000000e-01 0.00000000e+00
656.669662 7.50000000e-01 0.00000000e+00
656.671851 7.50000000e-01 0.00000000e+00
656.674041 7.50000000e-01 0.00000000e+00
656.676230 7.50000000e-01 0.00000000e+00
656.678419 7.50000000e-01 0.00000000e+00
656.680608 7.50000000e-01 0.00000000e+00
656.682797 7.50000000e-01 0.00000000e+00
656.684986 7.50000000e-01 0.00000000e+00
656.687175 7.50000000e-01 0.00000000e+00
656.689364 7.50000000e-01 0.00000000e+00
656.691554 7.50000000e-01 0.00000000e+00
656.693743 7.50000000e-01 0.00000000e+00
656.695932 7.50000000e-01 0.00000000e+00
656.698121 7.50000000e-01 0.00000000e+00
656.700310 7.50000000e-01 0.00000000e+00
656.702499 7.50000000e-01 0.00000000e+00
656.704688 7.50000000e-01 0.00000000e+00
656.706877 7.50000000e-01 0.00000000e+00
656.709066 7.50000000e-01 0.00000000e+00
656.711256 7.50000000e-01 0.00000000e+00
656.713445 7.50000000e-01 0.00000000e+00
656.715634 7.50000000e-01 0.00000000e+00
656.717823 7.50000000e-01 0.00000000e+00

